id,T5_I,T1_Ja,technique,RT1_J,RT7_I,VEC10,RT7_J,T5_J,VEC9,T3_J,T3_I,RT1_I,VEC6,mean_confidence_interval_inf,T1_I,T1_J,T5_Ia,T3_Ja,VEC7,VEC4,VEC5,T7_J,VEC3,T7_I,VEC2,T7_Ia,VEC8,U10_I,U6_I,T1_Ia,VEC1,U5_J,U5_I,U1_J,U1_I,U8_I,U7_I,U7_J,cost_std,runs,mean_confidence_interval_sup,U2_I,cost_mean,U9_I,RT3_I,RT3_J,correct_result,T7_Ja,T5_Ja,U4_I,T3_Ia,SCR,U3_I,RT5_J,RT5_I,U3_J
1,32,64,RS,1,8,True,1,32,True,16,512,1,True,0.09578374233743504,32,32,1024,128,False,False,True,64,False,16,True,2048,True,12,1,128,True,8,1,12,1,12,1,8,9.570411058921972e-05,35,0.0958471548054221,12,0.09581544857142857,4,8,1,True,64,512,8,2048,True,12,8,8,1
2,256,512,RS,1,1,False,1,256,False,128,1,1,False,0.13631114716776507,16,64,256,1024,True,True,True,32,False,256,False,1024,False,4,1,512,True,8,1,12,1,4,12,1,6.061498433993459e-05,35,0.136351309975092,4,0.13633122857142854,16,1,32,True,256,1024,4,1,False,1,8,8,16
3,256,128,RS,8,1,False,32,512,False,64,256,1,False,0.1304779846706486,1,128,512,2048,True,True,False,64,False,16,False,64,True,16,12,128,False,16,1,1,12,16,1,16,9.241125472581604e-05,35,0.1305392153293514,1,0.1305086,12,1,1,True,128,1,12,256,True,16,8,8,1
4,16,512,RS,1,1,False,1,16,False,512,16,8,False,0.1059474469316193,32,128,2048,512,False,True,True,32,True,32,False,1,False,4,1,1024,True,1,12,1,4,1,1,1,0.00016665000841920946,35,0.10605786735409502,8,0.10600265714285716,12,1,8,True,1024,64,1,512,True,1,1,8,8
5,128,1,RS,8,8,False,8,512,False,512,32,1,False,0.11194878654280425,32,256,2048,1,True,False,True,256,False,128,False,1024,True,8,1,64,True,8,1,4,1,1,1,16,2.9190353452705875e-05,35,0.11196812774291003,8,0.11195845714285714,16,8,1,True,2048,512,4,1,False,1,8,8,16
6,128,512,RS,1,1,False,8,1,False,256,64,1,False,0.11727989390746997,32,16,128,2048,True,True,False,32,False,32,False,2048,False,4,12,512,True,1,4,1,1,1,1,12,3.291964242124803e-05,35,0.11730170609253006,12,0.11729080000000001,1,8,1,True,128,1024,1,64,False,1,8,1,8
7,64,512,RS,32,1,True,8,32,True,32,16,1,True,0.12074152541387984,16,512,64,256,False,True,False,64,True,16,True,64,True,8,1,1,True,12,1,1,1,1,1,8,3.7050390397017156e-05,35,0.12076607458612013,1,0.12075379999999998,8,1,1,True,1,2048,1,1024,True,1,8,1,1
8,256,2048,RS,8,1,True,32,1,True,64,128,1,False,0.14634321137966047,64,512,2048,1024,False,False,False,1,True,512,False,2048,False,12,1,512,False,1,1,16,1,8,1,8,4.1102996563884665e-05,35,0.14637044576319666,8,0.14635682857142857,4,32,1,True,128,1,4,256,True,1,1,8,4
9,1,1,RS,32,8,True,8,64,True,16,128,1,True,0.09046197561085977,16,32,64,512,True,True,False,256,False,32,True,1,False,1,8,1,True,16,1,1,1,8,1,16,2.9637311839321913e-05,35,0.0904816129605688,8,0.09047179428571428,16,1,1,True,2048,1,1,1,True,4,1,8,1
10,32,256,RS,1,8,False,8,256,False,256,512,1,True,0.18210467997951593,64,1,1,256,True,True,False,128,False,32,False,512,True,4,4,1,False,8,1,1,16,8,4,1,0.0013910115409078304,35,0.18302634859191266,1,0.1825655142857143,1,32,1,True,128,256,8,512,True,4,1,32,1
11,128,1024,RS,1,1,True,8,16,False,128,32,8,True,0.11530790627085694,1,128,512,1024,False,False,False,64,False,16,True,64,False,1,8,1,True,1,4,1,16,16,1,8,2.4689351583884995e-05,35,0.11532426515771452,12,0.11531608571428573,4,1,32,True,256,256,16,256,False,1,8,1,12
12,512,512,RS,1,1,True,32,16,False,1,256,8,True,0.11081980463008242,512,128,512,128,True,True,True,32,True,1,False,128,True,16,1,1024,False,16,1,1,1,12,4,1,4.17270626225005e-05,35,0.11084745251277472,1,0.11083362857142857,16,8,8,True,2048,1,8,256,True,8,32,1,1
13,32,512,RS,8,1,True,1,1,False,1,256,1,False,0.16040141259417906,16,32,64,128,True,False,False,256,False,64,False,256,False,4,1,128,True,4,1,16,1,16,1,1,0.0003964156075100333,35,0.16066407312010667,12,0.16053274285714286,12,32,1,True,512,2048,1,1024,False,1,8,8,4
14,16,1,RS,8,8,False,1,32,True,128,1,8,False,0.1361468532224351,128,256,256,512,True,True,False,512,False,128,True,1,True,16,16,512,False,12,1,16,1,1,8,1,2.8730357975280547e-05,35,0.13616588963470774,16,0.13615637142857143,12,1,8,True,2048,64,4,512,False,1,1,1,4
15,1,128,RS,32,1,False,8,1,True,256,1,1,False,0.17808926144932233,32,64,1024,1,False,True,False,1,False,64,False,1,True,4,8,256,True,12,1,8,1,4,4,1,4.7419999225334895e-05,35,0.17812068140782053,16,0.17810497142857143,16,1,32,True,2048,256,8,256,False,1,1,32,12
16,512,512,RS,32,32,True,1,64,False,16,32,1,True,0.17080585344896052,32,256,1,512,False,True,False,1,False,512,True,1024,True,16,12,1024,False,1,4,16,1,12,1,1,9.686070789899156e-05,35,0.17087003226532518,1,0.17083794285714285,12,1,8,True,1,64,16,64,True,16,1,32,1
17,1,1024,RS,1,1,False,32,32,True,128,16,8,True,0.12612826159904061,16,128,256,256,False,False,False,512,False,16,False,2048,False,1,4,1,True,1,8,12,1,1,8,1,4.750578912090444e-05,35,0.1261597384009594,8,0.126144,12,1,8,True,1,256,12,256,True,1,8,1,1
18,1,256,RS,1,32,False,1,64,True,256,128,8,True,0.17691043987829141,64,64,2048,256,True,True,False,128,False,512,False,1024,False,12,1,512,True,8,1,1,8,12,1,1,0.00014502460312031432,35,0.17700653155028,4,0.1769584857142857,4,1,8,True,256,512,12,1024,False,12,8,8,1
19,1,2048,RS,32,8,False,8,32,False,16,256,1,False,0.1009185675621112,32,16,256,512,True,True,True,128,True,64,True,128,False,4,4,128,False,1,16,12,1,16,1,12,3.304228583287263e-05,35,0.10094046100931736,4,0.10092951428571428,8,1,1,True,256,128,8,1,True,12,32,1,1
20,1,1024,RS,8,1,False,32,1,False,16,32,8,False,0.12235295282548553,1,64,1024,64,False,True,False,1,True,1,True,64,False,12,1,64,False,1,16,1,1,8,4,1,4.783411812862213e-05,35,0.12238464717451447,8,0.1223688,12,1,32,True,1024,256,4,1,True,12,1,8,1
21,16,64,RS,8,1,False,1,256,True,32,16,1,False,0.12371220192857219,128,1,64,512,True,False,False,16,False,256,True,256,False,8,1,1024,False,12,1,8,1,4,1,4,7.174736857863933e-05,35,0.12375974092857059,1,0.12373597142857139,16,1,32,True,1,256,8,64,True,16,1,32,1
22,16,64,RS,8,8,True,1,16,True,32,256,1,False,0.12577020023765592,128,64,1024,1024,True,False,False,512,True,64,False,512,False,12,16,128,True,1,12,1,12,8,1,4,6.752662362327206e-05,35,0.12581494261948697,16,0.12579257142857145,8,32,1,True,512,512,4,2048,True,12,8,8,1
23,128,1024,RS,1,1,True,32,1,False,32,32,1,False,0.11439922336108221,1,512,2048,256,False,False,True,32,False,64,False,512,True,1,4,2048,True,1,4,1,8,4,16,1,4.9949738002622466e-05,35,0.11443231949606067,1,0.11441577142857144,4,8,1,True,1024,512,8,512,False,16,8,1,1
24,1,256,RS,32,1,False,1,64,False,32,1,1,True,0.09338504552250773,128,64,512,256,False,False,True,16,False,128,False,256,False,8,12,512,True,1,1,1,8,12,4,1,2.576963313353e-05,35,0.09340212019177802,4,0.09339358285714287,8,1,32,True,256,256,16,1,True,8,1,1,1
25,1,512,RS,1,8,False,1,512,False,128,128,8,True,0.085541722377323,64,32,512,1,True,True,True,128,False,128,False,2048,True,4,1,2048,False,1,1,1,12,4,1,4,3.706818031461317e-05,35,0.08556628333696274,16,0.08555400285714287,12,1,32,True,1,2048,1,256,True,16,8,8,1
26,64,1,RS,1,8,False,8,1,False,64,32,1,False,0.12785977610043736,1,128,256,128,False,False,False,64,False,1,False,1024,True,16,16,2048,False,1,1,8,1,8,12,1,2.6548377097870122e-05,35,0.12787736675670552,4,0.12786857142857144,4,1,8,True,2048,512,12,512,False,1,32,1,1
27,1,128,RS,1,1,True,32,256,False,16,1,8,False,0.14152058561911482,16,16,64,1024,False,True,True,64,False,1,True,64,True,1,1,1,False,12,1,4,1,16,1,16,0.00011250273466063838,35,0.14159512866659943,8,0.14155785714285712,4,1,32,True,2048,512,1,2048,True,1,32,1,12
28,512,128,RS,32,8,True,8,256,True,256,64,1,False,0.12845866395688454,32,64,1024,256,True,True,False,1,True,64,True,1024,True,8,16,256,False,1,12,1,16,16,1,8,0.0002946677132372825,35,0.12865390747168692,12,0.12855628571428573,16,1,8,True,1,512,4,1,True,1,1,32,4
29,1,512,RS,1,1,True,1,32,False,1,128,32,True,0.14493804920140274,64,512,256,1024,False,False,True,512,False,64,False,128,True,4,1,1024,False,1,4,1,16,8,1,4,0.0001208487535082164,35,0.14501812222716864,1,0.1449780857142857,12,8,1,True,2048,512,16,2048,True,1,1,8,8
30,1,128,RS,32,8,False,1,16,True,128,32,1,True,0.08105137897257401,64,64,2048,1,True,False,True,1,True,32,False,1024,False,16,12,2048,True,1,12,16,1,16,8,1,3.431871935196833e-05,35,0.08107411817028314,12,0.08106274857142858,1,8,1,True,2048,2048,12,1,True,1,8,1,16
31,32,1,RS,8,32,True,1,1,False,128,64,8,True,0.1499990270706364,512,1,64,128,True,True,False,512,False,32,False,1,True,4,1,2048,False,16,1,4,1,1,1,8,5.7786545994366125e-05,35,0.15003731578650648,16,0.15001817142857143,8,1,32,True,2048,1024,8,128,True,1,8,1,1
32,16,256,RS,1,1,True,32,256,True,32,16,1,True,0.12564675497774097,16,1,128,512,True,False,True,16,False,32,False,1024,False,1,16,128,True,1,16,1,4,8,1,1,2.937187325955904e-05,35,0.12566621645083054,8,0.12565648571428575,16,1,32,True,512,1024,1,512,False,1,1,1,8
33,16,2048,RS,8,8,False,8,128,False,64,1,8,False,0.12789362150355416,1,16,1,512,True,True,True,1,False,128,True,128,True,12,8,1024,True,16,1,8,1,1,1,4,0.00014921967370426547,35,0.12799249278216018,4,0.12794305714285717,4,32,1,True,128,512,16,512,True,12,1,8,1
34,32,1,RS,1,8,True,1,16,True,32,32,1,True,0.09321760967453044,256,64,2048,1024,True,True,True,64,True,64,True,1024,False,4,4,1,True,8,1,1,8,16,1,12,3.095748183610475e-05,35,0.09323812175404098,12,0.09322786571428571,16,1,32,True,512,64,1,256,True,1,32,1,8
35,32,2048,RS,8,1,True,32,512,True,1,1,1,False,0.1318802858704493,1,16,128,512,False,False,False,16,True,512,False,2048,True,16,16,2048,False,1,12,1,4,16,4,1,3.992948887267001e-05,35,0.13190674270097924,1,0.13189351428571428,4,1,32,True,256,2048,4,512,False,16,1,8,1
36,32,256,RS,1,8,False,1,1,True,1,1,32,False,0.20283436085890566,64,256,2048,1024,False,False,True,32,False,32,True,512,True,1,1,1024,True,1,8,1,16,8,1,12,4.996591491268055e-05,35,0.2028674677125229,1,0.20285091428571428,8,1,32,True,64,1024,8,256,False,8,1,32,1
37,64,128,RS,8,1,True,32,1,False,128,16,1,False,0.13846530481409158,32,1,1024,2048,True,True,False,16,False,128,False,128,False,8,1,1,True,1,4,12,1,1,1,4,8.376939190663959e-05,35,0.1385208094716227,8,0.13849305714285715,4,1,8,True,64,64,8,256,False,1,1,8,4
38,1,2048,RS,32,1,False,32,128,False,32,16,1,True,0.11544953214035551,16,512,64,128,False,False,False,1,False,128,False,1024,False,12,8,1,True,1,12,12,1,12,1,1,5.401972428886345e-05,35,0.11548532500250162,1,0.11546742857142857,8,32,1,True,1024,128,16,64,False,12,8,1,1
39,256,1,RS,8,32,False,1,256,True,64,256,8,False,0.2675238579943449,32,512,1,128,True,True,False,512,False,32,True,256,False,16,16,128,False,4,1,1,12,16,1,4,0.0002682957156206726,35,0.26770162771994094,4,0.2676127428571429,8,32,1,True,512,1,8,1,False,1,1,1,1
40,32,256,RS,8,1,True,8,512,True,32,1,8,False,0.15717105471401643,32,16,512,1024,True,False,False,512,True,1,True,1024,False,12,1,2048,False,1,1,1,16,4,1,4,7.020816860434224e-05,35,0.15721757385741209,8,0.15719431428571426,16,1,8,True,1,512,12,512,True,4,1,32,1
41,32,512,RS,8,1,True,8,1,True,1,1,8,True,0.1406289088996618,256,512,2048,1,True,False,False,1,False,512,True,1024,False,8,12,2048,False,1,12,4,1,4,1,12,0.0003900879858886881,35,0.14088737681462388,1,0.14075814285714283,16,32,1,True,1024,128,1,512,False,1,8,8,8
42,128,512,RS,1,1,False,8,512,False,32,1,8,False,0.10530113278990744,16,128,128,128,True,True,True,1,False,256,False,1,False,4,4,64,True,1,1,1,16,12,1,16,3.469959712757944e-05,35,0.10532412435294972,12,0.10531262857142858,8,1,32,True,128,1024,1,512,False,8,1,8,1
43,32,512,RS,1,1,False,32,32,False,512,64,8,True,0.1536624662832442,64,32,256,512,False,True,True,64,True,16,True,64,True,1,16,1,False,1,1,4,1,12,1,12,9.854680437772139e-05,35,0.15372776228818436,4,0.15369511428571428,16,8,8,True,256,256,4,1,False,1,1,32,1
44,256,1,RS,1,1,False,8,32,False,16,64,32,False,0.09245544421515615,16,1,256,1024,True,True,False,128,False,1,True,256,True,8,12,64,True,1,16,16,1,8,12,1,4.037431857010193e-05,35,0.09248219578484383,12,0.09246882,8,1,32,True,1024,256,8,64,True,8,8,1,1
45,16,2048,RS,32,8,False,1,128,False,16,512,1,True,0.13467477343842063,32,64,512,128,False,True,True,256,False,512,False,512,True,4,8,1,False,12,1,1,16,16,8,1,7.148839780277597e-05,35,0.1347221408472937,4,0.13469845714285716,12,32,1,True,512,512,12,512,True,1,1,32,12
46,256,128,RS,8,1,False,32,128,True,256,128,1,True,0.1378303628473449,128,16,256,1,False,False,True,1,True,64,True,2048,False,16,4,256,False,12,1,16,1,1,12,1,4.288808406891197e-05,35,0.137858780009798,16,0.13784457142857146,12,8,8,True,64,1024,1,2048,True,1,1,8,8
47,32,1024,RS,1,1,True,1,32,True,32,64,1,False,0.07861168393731632,512,128,2048,1,True,False,True,128,True,512,True,512,True,12,16,1024,True,1,12,1,8,4,8,1,3.459695562871878e-05,35,0.07863460749125512,12,0.07862314571428572,12,1,8,True,128,512,1,1,True,16,1,1,1
48,256,128,RS,8,1,False,8,512,False,128,128,1,False,0.09351008202357487,256,1,2048,1024,True,True,False,16,False,128,True,128,True,8,8,1024,False,1,4,1,1,8,8,1,0.0001114355649819977,35,0.09358391797642511,1,0.09354699999999999,16,1,8,True,1024,1,8,2048,True,1,1,8,8
49,128,1024,RS,1,1,True,32,512,False,32,64,8,True,0.13566110027078332,16,256,1024,64,True,False,True,32,False,256,True,1024,False,8,1,512,True,16,1,1,8,16,1,12,7.981598223669413e-05,35,0.13571398544350244,8,0.13568754285714288,12,1,32,True,2048,1,4,64,True,1,1,1,16
50,128,128,RS,32,1,True,8,1,False,16,32,1,False,0.18240225626180004,64,16,256,128,False,False,False,64,False,1,False,1024,True,4,16,64,False,16,1,1,8,12,1,12,5.5714871791788853e-05,35,0.18243917230962856,12,0.1824207142857143,8,32,1,True,512,512,1,128,False,1,1,1,16
51,64,256,RS,8,1,True,1,256,True,1,32,1,True,0.14155906577000257,256,64,512,64,True,False,False,256,False,16,True,512,True,16,8,256,False,1,4,16,1,16,1,1,0.0004959506361215685,35,0.14188767708714026,12,0.14172337142857142,16,1,32,True,512,1024,1,128,True,8,1,32,1
52,1,1,RS,1,1,False,8,128,True,512,1,8,True,0.08943277924322765,32,256,2048,1,True,True,True,1,False,512,True,1024,True,12,1,128,False,4,1,1,12,4,8,1,2.8876043880768708e-05,35,0.08945191218534382,1,0.08944234571428573,1,8,8,True,2048,2048,4,64,True,8,8,1,1
53,256,1024,RS,1,1,True,32,128,True,1,16,32,False,0.18499438129065882,128,256,2048,128,True,True,True,16,True,1,True,256,False,16,12,512,True,1,8,12,1,12,1,12,6.327172370346925e-05,35,0.18503630442362695,16,0.18501534285714288,12,1,1,True,128,1024,4,1,False,16,1,1,1
54,16,1,RS,8,1,True,8,32,True,32,128,8,True,0.1188116116837253,64,32,1024,1024,True,True,True,16,True,128,True,128,True,12,16,64,True,12,1,1,16,8,1,8,3.687622983075302e-05,35,0.11883604545913189,12,0.11882382857142859,4,8,1,True,512,256,16,2048,False,4,32,1,1
55,256,1,RS,1,32,True,1,16,True,16,32,32,True,0.21998979997687595,32,1,1024,128,True,False,False,128,False,128,False,2048,True,16,1,512,True,1,4,16,1,1,12,1,0.00023164558431943636,35,0.22014328573740977,1,0.22006654285714286,1,32,1,True,256,512,4,1024,True,4,1,1,1
56,1,2048,RS,32,8,True,8,64,True,512,256,1,True,0.10027023372078737,16,16,256,2048,False,False,False,32,True,64,False,1024,False,8,1,64,True,16,1,12,1,8,12,1,3.8189580799384826e-05,35,0.10029553770778406,4,0.10028288571428572,12,1,1,True,512,128,16,2048,True,4,1,8,1
57,16,1,RS,32,8,True,1,16,False,128,64,1,True,0.12608168415803692,64,256,1,1,False,False,False,64,False,256,True,2048,False,16,16,256,True,1,8,16,1,12,1,12,5.295717175998367e-05,35,0.12611677298482019,1,0.12609922857142855,12,8,8,True,1,64,8,1,False,1,1,8,4
58,1,512,RS,8,1,False,32,1,True,32,256,8,True,0.082016237219206,128,32,1024,1024,False,True,True,16,False,16,False,64,True,8,16,256,True,1,16,8,1,16,8,1,3.130554831179321e-05,35,0.08203697992365117,8,0.08202660857142859,8,1,32,True,128,256,8,256,True,1,1,8,16
59,64,2048,RS,1,1,False,8,256,False,32,16,8,True,0.1179029359059945,64,16,64,512,False,True,True,1,True,512,True,1,True,16,12,1,False,1,1,1,12,8,12,1,2.9515682445169004e-05,35,0.11792249266543407,1,0.11791271428571429,12,1,1,True,256,1,8,512,False,1,8,8,4
60,16,1,RS,8,8,True,8,256,True,32,64,8,True,0.12177217768068614,16,1,256,2048,True,False,True,128,False,16,False,128,True,12,8,512,False,1,8,12,1,12,1,4,0.00014598852065578793,35,0.12186890803359958,12,0.12182054285714286,12,32,1,True,2048,2048,16,512,True,12,1,8,1
61,32,128,RS,8,8,True,8,128,False,256,1,8,False,0.141604846948017,128,1,512,1,True,True,False,512,False,128,False,256,False,12,8,256,False,1,8,4,1,8,4,1,0.00016509760625713738,35,0.1417142387662687,12,0.14165954285714286,12,32,1,True,2048,1024,16,512,False,16,32,1,1
62,128,128,RS,1,8,False,8,64,True,1,64,1,True,0.11932146732524862,512,16,128,64,True,False,False,512,False,128,True,256,True,12,8,1024,False,16,1,1,4,1,1,4,3.808814695906679e-05,35,0.11934670410332282,4,0.11933408571428572,12,1,8,True,1,2048,12,1024,False,1,32,1,8
63,512,256,RS,8,1,True,1,128,False,32,16,8,True,0.0821447303146093,16,128,1,64,False,True,False,128,True,64,True,2048,False,4,16,1,False,1,1,1,16,8,8,1,5.596567606988486e-05,35,0.08218181254253352,16,0.08216327142857141,4,8,1,True,1,1,1,512,True,1,1,8,12
64,16,128,RS,8,32,False,1,32,True,1,64,8,False,0.14129540830171225,1,64,256,1,False,False,False,32,False,32,True,1,False,1,1,64,True,1,4,1,4,12,1,12,9.415100333279324e-05,35,0.1413577916982877,8,0.14132659999999997,8,8,1,True,1,2048,12,64,True,1,1,32,8
65,256,64,RS,1,1,False,8,64,False,128,256,8,True,0.14325281551644284,16,16,1024,256,False,True,False,512,True,64,False,128,True,1,12,64,False,1,1,8,1,16,12,1,0.0002553151777705367,35,0.14342198448355722,1,0.14333740000000003,16,1,32,True,512,1,4,512,False,8,1,32,1
66,32,512,RS,1,1,True,32,256,True,16,64,1,False,0.15013095940024743,1,128,2048,512,True,True,False,32,False,256,False,256,False,8,8,64,False,1,16,4,1,12,4,1,3.643035289761831e-05,35,0.15015509774260968,4,0.15014302857142856,1,32,1,True,256,2048,4,2048,True,1,8,8,16
67,16,1024,RS,1,1,True,8,512,True,64,1,32,False,0.12287278365262562,32,32,512,2048,False,False,True,128,True,16,False,512,True,16,4,2048,True,1,4,4,1,12,1,16,4.937966201188698e-05,35,0.12290550206166011,8,0.12288914285714286,12,1,8,True,2048,1,8,64,True,4,8,1,1
68,32,1,RS,1,8,True,8,512,True,1,1,32,True,0.17358730731024632,128,512,256,512,False,True,False,512,False,256,False,1,False,12,8,256,False,4,1,1,1,4,8,1,0.0003678423952660995,35,0.17383103554689658,8,0.17370917142857145,12,32,1,True,1,1024,12,64,False,16,8,1,1
69,64,2048,RS,32,1,False,8,512,True,256,1,1,True,0.11844264055085442,128,16,2048,512,False,False,True,128,True,32,True,128,False,12,4,256,True,1,8,1,16,1,12,1,9.655467310264742e-05,35,0.11850661659200275,16,0.11847462857142858,4,1,1,True,1,1,12,1024,False,1,8,1,8
70,1,1024,RS,1,32,True,1,256,False,512,64,32,True,0.30901012085062146,32,128,512,1024,True,False,False,32,False,64,True,64,False,1,12,1024,True,8,1,1,1,4,1,8,0.00018376149138023138,35,0.3091318791493785,4,0.309071,8,32,1,True,64,2048,4,2048,False,1,1,8,4
71,16,1024,RS,1,1,False,8,64,False,1,64,8,False,0.10959888505690629,128,32,2048,128,True,True,True,128,True,128,True,128,False,12,12,2048,False,4,1,8,1,12,12,1,2.328727426851746e-05,35,0.1096143149430937,1,0.1096066,12,1,32,True,2048,256,4,64,False,16,1,8,1
72,256,2048,RS,32,8,True,1,64,True,64,32,1,True,0.1919964203034292,32,32,1,512,True,True,True,1,True,32,False,2048,False,1,1,128,False,16,1,8,1,12,8,1,4.918279108362661e-05,35,0.19202900826799937,16,0.1920127142857143,1,1,8,True,1024,256,8,64,False,1,1,32,16
73,64,256,RS,32,8,True,1,256,False,32,16,1,True,0.1395723360209362,128,1,128,64,False,False,True,256,True,256,True,1,True,4,16,1,False,1,16,1,16,1,16,1,3.68458897549871e-05,35,0.1395967496933496,12,0.1395845428571429,12,1,1,True,1024,256,16,1,False,1,8,1,8
74,256,256,RS,8,1,True,32,16,False,64,64,1,False,0.16702351802770848,128,1,1,512,False,False,False,1,False,128,False,128,False,12,8,2048,False,16,1,16,1,16,1,12,8.303957256781344e-05,35,0.1670785391151487,12,0.1670510285714286,4,32,1,True,1024,512,16,1,True,1,1,8,1
75,16,128,RS,1,1,False,1,32,True,64,128,32,True,0.18615757103375077,32,32,2048,64,True,False,False,512,False,64,True,1,False,16,12,1024,True,1,16,1,1,12,1,16,0.00017472710851204512,35,0.1862733432519635,16,0.18621545714285714,1,32,1,True,1,256,16,512,False,1,1,32,1
76,64,1024,RS,8,1,True,8,1,False,64,256,1,False,0.12030312994892461,256,16,512,512,True,True,False,1,False,512,False,1,True,1,1,2048,False,1,1,12,1,8,1,4,4.4108530342549667e-05,35,0.12033235576536117,12,0.12031774285714289,8,1,1,True,64,128,16,1024,True,1,32,1,4
77,64,256,RS,1,1,True,32,16,True,256,1,32,False,0.08792747427303127,16,128,256,1,False,True,False,16,True,256,False,1024,True,16,16,1024,True,1,16,1,12,1,12,1,7.010600952435263e-05,35,0.08797392572696874,12,0.0879507,4,1,1,True,256,128,12,512,True,12,1,1,1
78,128,1024,RS,1,8,True,8,64,True,128,64,1,True,0.10267289558039173,512,512,256,512,True,False,True,128,False,16,False,512,True,12,1,512,False,1,16,1,16,1,1,8,3.6795474433352924e-05,35,0.10269727584817968,4,0.10268508571428571,8,8,1,True,512,256,8,128,False,1,1,8,12
79,16,512,RS,32,1,True,32,1,True,64,64,1,True,0.18204289547196226,512,128,64,2048,False,True,False,32,True,128,True,256,True,16,16,1024,False,16,1,1,16,1,1,12,0.00010199461370332214,35,0.1821104759566091,12,0.18207668571428567,12,32,1,True,64,64,8,1,True,1,8,1,12
80,512,2048,RS,1,1,True,32,128,True,128,1,32,False,0.16971577864160556,128,16,1024,2048,False,False,True,512,False,64,False,256,False,1,1,256,True,16,1,8,1,4,1,4,6.992033951255386e-05,35,0.1697621070726801,4,0.16973894285714283,8,1,32,True,512,512,4,128,True,1,8,1,1
81,32,1024,RS,1,8,False,1,256,False,128,16,8,True,0.08598157580618034,128,512,1,2048,True,True,False,32,False,1,True,128,False,12,8,512,True,8,1,1,4,16,1,16,3.511307751030838e-05,35,0.08600484133667678,1,0.08599320857142856,4,8,1,True,64,256,16,1024,True,16,8,8,1
82,256,512,RS,1,1,True,32,16,True,256,64,32,True,0.16487364814132996,1,128,1024,1024,True,False,False,16,True,256,True,2048,True,8,16,1024,True,16,1,16,1,16,1,8,6.608840090888662e-05,35,0.1649174375729557,8,0.16489554285714283,1,8,1,True,1024,512,4,2048,True,8,1,8,1
83,1,128,RS,8,8,False,8,64,True,32,16,8,False,0.11304782802517231,1,16,256,512,True,False,True,32,False,64,True,1024,True,4,12,64,False,8,1,4,1,12,1,8,2.4753049698729288e-05,35,0.11306422911768484,8,0.11305602857142857,8,1,1,True,1024,2048,1,1,False,8,32,1,1
84,512,1024,RS,1,1,True,1,256,True,64,256,1,True,0.165282989892812,128,512,512,1,False,False,True,128,False,64,False,2048,True,1,12,128,False,4,1,16,1,4,12,1,0.00026401670324401456,35,0.16545792439290227,1,0.16537045714285714,16,32,1,True,256,1,1,2048,False,4,1,1,1
85,32,256,RS,1,8,False,8,256,False,512,512,1,False,0.09641628681010397,32,256,128,512,False,True,False,1,True,1,False,512,True,1,1,2048,False,1,4,1,8,16,1,1,4.338494933235867e-05,35,0.09644503318989603,1,0.09643066,4,1,32,True,512,256,8,2048,True,1,1,1,1
86,32,2048,RS,8,8,True,1,16,True,1,128,1,True,0.09830902135612439,256,16,2048,1,False,True,True,256,True,32,True,64,True,1,12,512,False,1,12,1,4,4,1,16,3.4337397236534546e-05,35,0.09833177292958988,4,0.09832039714285713,16,1,32,True,1024,64,16,1,True,1,8,1,16
87,1,256,RS,8,1,False,32,1,True,256,1,8,False,0.12099787100632226,64,256,128,1,False,True,True,512,False,256,True,1,True,4,8,2048,False,1,4,1,1,12,8,1,3.126393240441366e-05,35,0.12101858613653493,1,0.1210082285714286,4,1,8,True,1024,128,1,1024,True,12,1,1,1
88,64,1024,RS,8,1,True,32,1,True,256,32,1,False,0.11652090186627263,512,128,1024,512,True,True,False,1,False,256,False,2048,True,8,12,1024,False,1,4,1,4,1,1,16,3.186071728826039e-05,35,0.11654201241944163,12,0.11653145714285713,12,1,1,True,64,1024,1,64,False,1,1,8,8
89,256,1,RS,1,1,False,32,128,False,16,32,8,False,0.13896841532627208,16,32,1024,1024,True,False,True,128,True,16,False,2048,False,8,12,256,False,1,1,1,4,4,16,1,0.00036001331494651137,35,0.13920695610229938,12,0.13908768571428573,12,32,1,True,256,1024,4,512,False,1,1,8,4
90,64,1,RS,8,32,False,1,512,False,1,1,1,False,0.1613585425412132,512,64,128,2048,True,False,True,64,True,16,False,1024,False,1,12,1024,False,1,1,1,16,16,8,1,5.631685867862765e-05,35,0.1613958574587868,8,0.1613772,12,32,1,True,1,1024,16,2048,False,1,8,1,1
91,1,64,RS,1,8,True,1,32,False,1,1,8,False,0.08679560812488217,1,32,512,2048,True,True,False,64,False,1,False,512,False,1,12,64,False,12,1,1,12,4,1,8,3.723193932798067e-05,35,0.08682027758940354,1,0.08680794285714286,8,1,8,True,1024,1,12,256,True,1,1,8,12
92,128,512,RS,32,1,True,1,1,True,64,16,1,False,0.1353729275079115,256,32,128,1024,False,False,True,128,False,1,False,128,False,1,16,1,False,1,4,1,1,16,1,4,0.00029111245600423334,35,0.13556581534923143,4,0.13546937142857146,1,8,8,True,128,1,1,2048,True,1,1,32,4
93,1,1024,RS,1,32,True,1,16,True,256,64,32,False,0.11916220823549875,64,16,64,256,True,True,False,1,True,16,False,1024,False,16,8,64,False,8,1,1,12,16,16,1,0.00019419170834985842,35,0.11929087747878694,16,0.11922654285714285,8,1,8,True,1,128,4,256,True,4,8,1,1
94,128,256,RS,32,1,True,8,32,False,16,256,1,True,0.08668633779700777,128,256,1024,1024,True,False,True,1,True,128,False,256,False,16,4,256,True,1,8,1,12,8,4,1,3.2951022900724885e-05,35,0.08670817077442083,16,0.0866972542857143,12,8,8,True,128,1,16,2048,True,1,8,1,8
95,64,1024,RS,1,1,True,32,1,True,1,16,1,True,0.13110349590739864,1,16,128,64,False,False,False,64,False,64,False,128,False,1,8,128,True,8,1,8,1,16,4,1,5.318043218465907e-05,35,0.13113873266402995,1,0.1311211142857143,1,1,32,True,1,512,4,1,True,16,8,1,1
96,32,2048,RS,8,1,False,8,32,False,32,128,1,False,0.11520686029023289,16,32,128,1,False,True,True,256,False,64,False,128,False,16,4,2048,True,1,4,1,12,12,1,1,2.6294253271428514e-05,35,0.11522428256690995,4,0.11521557142857142,8,8,1,True,2048,1,1,512,False,1,8,1,12
97,128,64,RS,1,1,False,8,128,False,32,1,32,False,0.16854273545670137,64,64,1024,64,True,False,False,512,True,128,True,1024,False,4,1,2048,False,1,8,4,1,12,16,1,0.00029876398438792096,35,0.16874069311472714,1,0.16864171428571426,12,1,1,True,2048,1,16,1,False,1,32,1,16
98,16,512,RS,8,8,True,8,1,True,512,32,8,False,0.08874683047242792,256,32,64,1024,True,True,False,1,True,512,False,1,False,12,4,256,True,16,1,1,12,1,1,8,3.753532387998729e-05,35,0.08877170095614349,12,0.0887592657142857,8,1,1,True,1,64,16,1,True,1,32,1,1
99,64,1024,RS,1,8,True,8,512,True,16,64,1,True,0.09370240624290285,128,32,256,2048,True,True,True,16,False,16,True,1024,True,1,16,128,False,4,1,16,1,4,8,1,6.825880079311552e-05,35,0.09374763375709716,16,0.09372502,12,1,1,True,1,1,16,512,True,4,8,1,1
100,1,2048,RS,1,1,True,32,128,False,64,16,32,True,0.16993415040836732,128,512,64,256,False,False,False,1,True,1,True,256,True,1,12,512,False,1,1,1,16,16,1,1,0.000315622249028222,35,0.1701432781630612,12,0.17003871428571427,1,1,8,True,2048,128,8,1,False,12,1,32,1
101,16,256,RS,1,1,True,1,1,False,32,32,32,False,0.17174817464084055,256,16,2048,2048,True,True,False,32,False,32,False,2048,False,12,1,2048,True,12,1,12,1,12,1,16,0.00026302783898597454,35,0.171922453930588,8,0.17183531428571427,16,32,1,True,128,1024,12,64,True,16,1,1,1
102,1,1,RS,32,8,True,1,256,False,128,16,1,True,0.125556820526513,32,32,2048,512,True,False,False,64,True,128,True,1,True,16,4,128,False,1,4,1,16,4,1,8,3.270993108884257e-05,35,0.12557849375920133,8,0.12556765714285717,16,8,1,True,64,512,4,2048,False,1,32,1,4
103,32,128,RS,1,32,False,1,512,True,256,256,32,False,0.19214372362200038,32,128,64,512,False,False,False,32,False,16,True,256,True,12,1,256,True,16,1,8,1,1,16,1,4.171285711839478e-05,35,0.19217136209228536,12,0.19215754285714287,12,8,8,True,2048,1,16,512,False,1,1,1,8
104,512,1,RS,1,8,True,8,64,False,512,1,1,False,0.09407193925945571,1,64,512,512,True,True,False,32,True,32,False,128,False,4,12,64,False,1,4,8,1,8,12,1,4.041514971555402e-05,35,0.09409871788340145,8,0.09408532857142858,12,1,32,True,1024,128,4,256,True,1,1,1,1
105,64,1,RS,1,1,False,32,64,True,1,32,32,False,0.2371865168620334,32,64,128,1,False,True,True,128,True,512,True,1024,True,8,4,256,True,8,1,8,1,16,1,4,0.00046992387225409715,35,0.2374978831379666,12,0.2373422,16,32,1,True,256,1024,8,256,True,4,1,32,1
106,32,128,RS,32,1,True,1,512,False,256,128,1,True,0.15623518015549043,128,16,1,256,True,False,True,16,False,128,True,1,False,12,16,512,True,16,1,12,1,4,16,1,4.4560676358773696e-05,35,0.1562647055587953,4,0.15624994285714286,12,1,32,True,512,512,4,512,False,1,1,1,12
107,32,512,RS,1,8,False,1,512,False,512,256,8,False,0.1227675484521931,512,16,512,1,True,True,False,16,False,64,False,128,True,1,16,512,True,1,8,1,8,1,16,1,0.00012520622661702486,35,0.12285050869066404,16,0.12280902857142857,8,1,32,True,256,1024,8,1,True,1,1,32,1
108,1,1024,RS,1,1,True,32,128,False,512,256,1,False,0.1253147661384409,32,16,2048,1024,True,False,False,64,True,256,True,1,True,16,16,256,True,1,4,16,1,1,12,1,3.899726835017416e-05,35,0.12534060529013052,12,0.1253276857142857,4,1,8,True,512,256,12,256,False,1,1,8,4
109,1,1024,RS,8,32,True,1,64,False,512,1,1,True,0.22200672851135794,128,64,256,1,True,False,False,16,True,1,False,256,False,4,1,128,False,1,8,1,12,1,4,1,0.0003997741137702858,35,0.22227161434578485,16,0.2221391714285714,12,32,1,True,512,512,1,1024,False,4,32,1,1
110,16,512,RS,8,8,True,8,1,True,64,16,8,True,0.08907205223033052,128,256,512,512,False,True,True,64,True,512,False,2048,False,16,8,1,False,4,1,1,4,4,16,1,2.8250398444002637e-05,35,0.08909077062681237,16,0.08908141142857144,12,8,1,True,128,512,1,64,True,12,32,1,1
111,128,128,RS,8,1,True,1,512,False,512,64,1,True,0.12456919068486208,32,1,1024,2048,True,True,True,16,False,64,True,1,True,12,16,512,True,1,16,1,16,4,1,4,4.711614827818035e-05,35,0.12460040931513791,4,0.1245848,8,1,8,True,1,2048,4,1024,False,1,32,1,12
112,128,256,RS,8,8,False,1,64,False,32,16,8,True,0.15361656855049946,16,64,2048,1024,False,True,False,128,False,32,False,256,True,4,4,1,False,1,8,1,1,8,8,1,0.0002870214469694027,35,0.15380674573521477,4,0.15371165714285712,8,8,8,True,128,64,4,256,False,16,1,32,1
113,16,1,RS,1,1,True,8,64,True,16,128,1,False,0.11149338056774824,128,512,512,256,True,False,True,32,True,128,False,2048,True,8,12,1,False,12,1,8,1,1,12,1,6.896586555858592e-05,35,0.11153907657510892,16,0.11151622857142858,12,8,1,True,64,128,1,1024,False,1,1,8,1
114,64,128,RS,1,8,False,1,256,True,16,16,32,False,0.13102804219738798,512,32,256,1024,True,False,False,512,True,512,False,512,True,16,8,1024,True,1,4,1,4,12,1,8,0.00010905476624529862,35,0.13110030065975484,12,0.1310641714285714,8,1,32,True,1024,1024,1,64,True,1,1,1,8
115,32,2048,RS,8,1,True,1,16,False,1,16,1,True,0.10990487610574376,1,512,2048,128,False,True,False,128,False,64,False,512,True,12,8,1024,False,4,1,1,16,8,1,12,3.702674157736116e-05,35,0.10992940960854194,8,0.10991714285714285,16,8,1,True,1,256,16,64,True,1,1,8,8
116,16,1,RS,1,8,False,1,256,False,1,128,1,False,0.08141594233717869,512,128,1024,512,False,True,True,128,True,1,True,128,True,4,4,2048,True,1,12,1,4,8,8,1,2.7780058036113928e-05,35,0.08143434909139277,1,0.08142514571428573,4,8,1,True,1,1024,12,1,True,12,1,32,1
117,32,512,RS,32,1,True,1,16,True,256,32,1,True,0.1261928444606964,256,32,512,256,True,False,False,64,True,32,True,1024,True,4,8,256,True,1,16,1,12,16,8,1,8.541767727956738e-05,35,0.12624944125358933,1,0.12622114285714287,8,32,1,True,2048,2048,4,2048,True,8,8,8,1
118,64,128,RS,1,1,True,8,16,True,128,512,32,True,0.18300312461616372,128,32,128,512,True,True,True,32,True,1,False,256,True,16,1,2048,True,1,4,1,1,16,1,1,0.0001426127795744801,35,0.18309761824097912,16,0.18305037142857142,12,32,1,True,128,512,1,1,True,16,1,8,1
119,32,2048,RS,8,1,True,8,16,True,16,16,1,False,0.17941486718773425,64,64,2048,1024,False,True,False,64,True,128,False,128,True,1,8,256,True,12,1,16,1,8,1,8,9.647427065264133e-05,35,0.1794787899551229,16,0.17944682857142857,4,32,1,True,64,128,4,128,False,1,1,32,12
120,1,1024,RS,8,8,False,1,16,False,1,1,1,False,0.11540069912282837,128,512,1024,64,True,False,True,16,True,16,True,128,False,1,1,1,True,4,1,16,1,12,12,1,0.0001198356493583717,35,0.11548010087717163,8,0.1154404,16,32,1,True,512,512,12,256,True,4,8,8,1
121,128,512,RS,8,32,False,1,1,False,128,16,8,False,0.12189453304091305,1,512,2048,256,False,True,True,64,True,256,False,2048,True,8,1,1,True,8,1,1,12,4,8,1,6.264118746756874e-05,35,0.12193603838765837,1,0.12191528571428571,8,8,8,True,64,2048,16,2048,True,1,1,1,16
122,64,2048,RS,1,32,False,1,512,False,32,16,8,False,0.16768198789548192,64,512,512,64,False,False,True,64,False,1,True,64,False,12,8,64,True,1,8,4,1,8,8,1,8.972802442574464e-05,35,0.16774144067594668,12,0.1677117142857143,1,8,8,True,128,1024,12,2048,False,8,8,1,1
123,16,1,RS,1,1,True,8,1,False,128,16,8,False,0.10975659390592794,256,128,64,128,False,True,False,512,True,128,True,1024,True,8,16,256,False,1,4,1,1,8,1,12,2.683959913323276e-05,35,0.1097743775226435,16,0.10976548571428572,1,32,1,True,1024,512,1,1,True,8,1,8,1
124,1,2048,RS,1,8,True,8,32,False,32,256,8,True,0.11836398688587557,1,256,128,512,False,True,False,16,False,1,False,128,True,1,4,512,True,1,1,1,12,8,12,1,4.307425008526862e-05,35,0.11839252739983869,12,0.11837825714285713,4,8,1,True,128,2048,8,1,False,4,1,1,1
125,32,256,RS,32,1,True,8,16,False,512,256,1,False,0.1259822355995538,256,256,64,1024,True,False,False,16,False,1,True,128,False,1,12,1024,False,1,8,1,4,4,1,4,2.9990937406665345e-05,35,0.1260021072575891,1,0.12599217142857144,16,1,32,True,1024,1024,8,512,False,12,32,1,1
126,1,2048,RS,32,8,False,1,64,True,32,128,1,False,0.16077383126002723,16,256,2048,128,False,False,True,1,True,256,True,1,True,16,1,1024,True,1,8,16,1,8,1,16,7.588468157644808e-05,35,0.16082411159711565,12,0.16079897142857144,12,1,1,True,256,2048,8,1024,False,16,1,32,1
127,16,256,RS,1,32,False,1,512,False,16,32,32,False,0.1392386326097317,16,64,128,64,False,True,False,16,False,16,True,64,True,16,16,128,True,12,1,1,8,8,1,12,3.931407807254003e-05,35,0.13926468167598252,1,0.13925165714285712,12,1,32,True,1,1024,12,512,True,1,1,8,12
128,1,128,RS,8,8,False,8,32,False,128,64,1,True,0.09189475272859016,1,1,1024,128,True,True,False,256,True,16,True,128,True,16,4,256,False,1,16,16,1,8,1,1,3.375112224891541e-05,35,0.09191711584283843,16,0.0919059342857143,12,8,8,True,512,512,16,64,True,1,1,1,12
129,64,256,RS,32,1,False,8,16,True,16,16,1,True,0.11772656704453535,512,32,1024,1,False,True,True,128,False,32,False,2048,False,8,1,1,True,16,1,4,1,1,1,16,3.149149545058563e-05,35,0.11774743295546466,12,0.11773700000000001,16,1,1,True,256,1,12,1,False,8,1,8,1
130,256,256,RS,8,1,True,1,16,False,128,256,8,True,0.11920665581286802,64,16,256,256,True,False,False,128,False,16,True,1,False,16,1,64,True,4,1,16,1,4,1,12,3.139603510649332e-05,35,0.1192274584728463,16,0.11921705714285716,1,8,8,True,512,512,1,1024,False,1,32,1,16
131,32,256,RS,1,32,False,1,16,True,1,16,8,True,0.17065987958444803,32,128,256,1,False,True,False,64,False,512,True,1024,False,8,12,2048,False,1,12,16,1,1,8,1,7.548009063079396e-05,35,0.17070989184412336,16,0.1706848857142857,12,8,8,True,128,1024,1,256,False,4,1,8,1
132,512,1,RS,1,1,True,1,64,False,1,64,32,True,0.1675914823646861,32,1,2048,1024,False,True,True,64,True,256,True,1,True,12,1,256,False,1,12,1,4,1,12,1,5.31350685536785e-05,35,0.16762668906388536,4,0.16760908571428573,8,1,32,True,64,2048,4,1024,False,1,1,1,12
133,16,128,RS,8,1,False,1,32,True,256,256,8,False,0.10708002442502763,128,16,1024,2048,True,True,False,512,True,1,False,512,True,8,1,128,False,1,16,8,1,16,1,12,0.0001337735704960639,35,0.1071686612892581,4,0.10712434285714287,16,8,1,True,1,1,1,1024,False,16,32,1,1
134,512,2048,RS,32,1,True,32,16,True,16,1,1,True,0.12175956524576997,16,128,512,256,True,True,True,16,True,64,True,512,True,16,1,128,False,1,16,1,8,12,8,1,3.003081410682044e-05,35,0.12177946332565859,8,0.12176951428571428,4,8,8,True,256,1024,4,512,False,16,1,8,1
135,16,256,RS,1,8,False,1,64,True,128,16,1,True,0.09989133915589768,128,16,256,1024,False,True,True,64,True,16,True,1024,False,16,12,1024,False,16,1,1,1,4,1,1,0.00019160598780639765,35,0.10001829512981661,8,0.09995481714285714,16,8,1,True,1024,128,16,1,True,12,8,1,1
136,256,512,RS,1,8,True,8,64,False,1,16,8,True,0.12233276164367375,1,1,256,256,False,True,False,128,False,1,False,512,False,12,4,2048,False,1,1,1,16,12,16,1,3.400881038309827e-05,35,0.12235529549918338,16,0.12234402857142856,4,1,1,True,128,512,16,128,False,1,8,1,16
137,512,512,RS,1,1,False,32,32,True,512,1,32,True,0.1197011429812605,16,128,1024,1,False,True,True,32,False,256,True,1024,False,8,1,64,True,4,1,1,16,1,1,8,2.0783902719289667e-05,35,0.11971491416159663,8,0.11970802857142857,12,8,8,True,256,512,1,1024,False,4,32,1,1
138,1,1024,RS,8,8,False,1,128,False,16,256,1,False,0.19860379629959737,1,128,64,1024,False,False,False,128,True,64,False,256,False,8,8,1,False,16,1,1,8,4,12,1,4.157972425819762e-05,35,0.19863134655754552,8,0.19861757142857145,16,1,32,True,512,2048,1,512,False,1,1,32,8
139,64,256,RS,8,1,True,32,32,False,256,32,1,False,0.16781072317360607,64,128,256,1024,False,True,False,64,True,1,True,1,False,4,4,2048,False,8,1,8,1,4,4,1,6.077365164850632e-05,35,0.16785099111210827,8,0.16783085714285717,4,1,32,True,512,512,1,2048,True,12,1,32,1
140,128,1024,RS,32,8,False,8,128,True,32,16,1,False,0.12167155725298821,128,32,512,2048,False,False,False,32,True,512,False,2048,False,12,4,1,False,1,16,1,12,16,1,4,1.987840588196496e-05,35,0.12168472846129748,16,0.12167814285714285,12,8,8,True,512,128,16,512,False,1,1,8,4
141,32,1024,RS,1,8,False,8,512,True,16,1,1,True,0.12373934468279371,32,256,512,256,True,False,True,256,False,128,False,256,True,1,1,128,True,8,1,16,1,12,16,1,9.744774004981542e-05,35,0.12380391246006342,4,0.12377162857142857,1,1,1,True,2048,1024,8,1,False,1,32,1,12
142,64,1024,RS,1,1,True,32,512,False,32,256,8,True,0.1258699695145253,512,256,128,1024,True,False,False,128,False,32,False,64,False,4,8,1,False,8,1,1,12,16,1,8,5.5976715275738176e-05,35,0.12590705905690328,12,0.1258885142857143,8,8,8,True,256,1024,12,2048,True,1,1,8,1
143,128,1024,RS,1,8,True,8,512,False,1,1,8,True,0.10517896863865134,64,128,512,1,False,False,True,64,True,16,True,2048,False,1,4,1,True,1,12,1,16,12,1,8,3.0451781892169053e-05,35,0.10519914564706295,1,0.10518905714285715,12,8,8,True,512,1,4,128,False,1,8,8,1
144,64,1024,RS,1,1,True,32,32,True,512,64,1,False,0.13797958888555803,256,16,128,1,False,False,True,32,True,32,False,1,True,4,16,1,False,8,1,4,1,4,16,1,4.9708833855415786e-05,35,0.1380125254001562,16,0.13799605714285712,16,1,32,True,512,128,1,1024,True,1,8,8,12
145,16,64,RS,1,32,False,1,1,False,32,256,32,True,0.1597167215297469,512,64,128,1,True,True,True,256,False,64,False,512,False,12,16,2048,True,12,1,1,8,8,1,1,0.00020790714960564408,35,0.15985447847025316,16,0.15978560000000003,1,8,8,True,1024,1024,4,1024,True,1,8,8,4
146,64,512,RS,8,8,True,1,32,True,32,256,8,False,0.1256602075045043,16,1,512,2048,True,True,True,32,True,16,False,1,True,8,4,512,False,1,1,1,8,4,16,1,3.180057758428282e-05,35,0.12568127820978142,16,0.12567074285714286,1,8,8,True,512,1,1,2048,False,16,8,1,1
147,1,512,RS,1,32,True,1,128,True,16,512,32,False,0.23940820358052253,1,32,64,256,False,True,True,16,False,1,True,1,False,16,8,64,False,1,16,1,8,8,1,1,0.0002819136848652204,35,0.23959499641947754,12,0.23950160000000004,4,32,1,True,512,1024,1,1,False,1,8,1,1
148,64,128,RS,1,1,False,1,256,False,1,256,8,False,0.0766540892007418,1,128,1,1,True,False,False,16,True,256,False,512,False,4,16,256,True,1,16,1,16,12,8,1,4.0229907039516755e-05,35,0.07668074508497248,16,0.07666741714285714,16,1,8,True,2048,256,12,1,True,16,8,8,1
149,32,128,RS,1,1,True,1,512,False,64,256,32,False,0.15027364377326205,1,128,256,1,False,False,True,128,True,128,True,256,True,8,1,1024,True,16,1,1,12,12,1,8,0.0005112818336978035,35,0.15061241336959505,16,0.15044302857142855,16,1,8,True,2048,512,16,512,False,4,8,1,1
150,128,1,RS,32,1,False,32,16,False,512,512,1,False,0.16264449452049023,16,32,128,1,False,True,True,16,False,512,True,512,True,12,1,256,False,1,4,1,4,8,1,8,0.00012562774293888485,35,0.16272773405093832,4,0.16268611428571428,1,8,1,True,256,128,4,512,False,1,1,32,12
151,16,512,RS,1,8,True,8,32,False,32,128,32,True,0.1469101893435699,64,16,64,512,False,False,False,256,False,128,False,2048,True,8,4,128,True,1,4,1,4,12,1,1,0.0001491442638138371,35,0.1470090106564301,12,0.1469596,12,1,8,True,1024,512,16,2048,False,8,8,1,1
152,1,128,RS,8,32,False,1,128,False,64,128,1,False,0.18094894966048505,32,32,128,256,True,True,False,64,False,128,True,1024,True,8,16,2048,True,4,1,1,16,4,4,1,0.00023171122069489693,35,0.18110247891094347,12,0.18102571428571426,8,8,1,True,1,128,8,2048,False,12,32,1,1
153,1,512,RS,1,1,True,8,32,True,16,128,8,False,0.11623704997753707,512,256,128,1024,True,True,True,64,True,512,True,512,True,8,12,2048,False,1,16,16,1,12,1,16,5.892478775731691e-05,35,0.11627609287960576,8,0.11625657142857142,4,1,8,True,1024,2048,12,1024,False,1,8,1,16
154,32,128,RS,32,1,True,1,256,True,128,128,1,True,0.17617807920351172,1,128,512,128,True,False,False,1,True,32,True,1,True,1,4,256,True,16,1,8,1,8,1,8,0.00015258142289362937,35,0.17627917793934542,12,0.17622862857142857,12,32,1,True,1024,256,16,512,False,1,8,1,12
155,128,1024,RS,1,8,True,1,256,True,32,32,8,False,0.0822510996547852,32,32,512,256,True,False,True,1,False,256,True,1024,False,4,4,1,True,16,1,12,1,16,1,4,4.6476756007487956e-05,35,0.0822818946309291,8,0.08226649714285715,12,1,8,True,128,512,16,2048,True,1,8,8,1
156,256,256,RS,8,1,False,1,512,True,32,64,8,True,0.16292506422115843,256,1,2048,256,False,False,True,16,False,16,True,2048,False,16,8,1,True,1,4,1,16,16,1,12,0.00011925106425743638,35,0.16300407863598437,8,0.1629645714285714,12,8,8,True,2048,512,12,2048,False,1,1,32,16
157,128,256,RS,1,1,False,32,128,False,1,128,8,True,0.14718188043374225,1,32,512,128,False,False,True,1,True,16,True,1,True,12,8,256,True,1,1,1,16,16,1,12,0.00020070064213923507,35,0.14731486242340058,8,0.14724837142857142,1,32,1,True,128,2048,12,1024,False,12,8,1,1
158,32,1,RS,32,1,False,1,64,False,64,16,1,False,0.12052198093686271,1,512,512,512,True,True,True,512,True,256,True,256,False,8,4,1024,True,1,1,1,12,16,1,8,6.646373877106601e-05,35,0.12056601906313726,1,0.12054399999999998,16,32,1,True,2048,512,1,512,False,1,1,1,8
159,1,1,RS,32,8,True,1,128,False,128,256,1,False,0.10554953787605045,32,128,1,1024,False,True,False,512,True,64,True,1024,True,12,16,1,False,4,1,1,1,12,8,1,8.66880591075665e-05,35,0.10560697640966382,12,0.10557825714285714,16,1,8,True,1024,256,16,1,True,12,1,32,1
160,128,256,RS,8,1,False,8,32,True,64,128,1,True,0.09505058715089591,64,256,1024,256,True,True,False,16,True,32,True,256,False,1,16,512,False,16,1,1,12,1,16,1,6.860965148979316e-05,35,0.09509604713481838,16,0.09507331714285715,4,8,8,True,512,1,16,1,True,8,8,8,1
161,128,128,RS,1,1,True,8,1,False,16,64,8,False,0.1504906876613734,128,128,2048,512,True,True,False,16,True,512,True,1,True,12,8,1,False,1,8,1,12,4,1,8,0.00019101974254200974,35,0.1506172551957694,16,0.1505539714285714,16,1,1,True,2048,1024,8,128,False,4,1,32,1
162,1,64,RS,1,1,True,8,128,False,64,512,32,True,0.12034196145900233,16,64,1024,2048,True,True,True,1,True,256,False,1024,False,16,1,512,True,4,1,4,1,8,4,1,5.2896325245613966e-05,35,0.1203770099695691,12,0.12035948571428572,1,1,1,True,256,512,8,2048,False,1,32,1,4
163,32,2048,RS,1,1,True,8,1,False,512,1,8,False,0.11336559496306992,32,128,1024,1024,True,True,True,16,True,512,False,1024,False,4,8,1,False,12,1,1,4,1,16,1,7.15096682488551e-05,35,0.1134129764655015,8,0.1133892857142857,4,1,32,True,512,128,1,512,False,1,1,8,4
164,256,512,RS,8,1,True,1,64,True,256,64,1,True,0.13631813058501738,32,32,512,1024,False,True,False,64,True,256,True,1024,False,16,4,128,True,16,1,1,12,16,12,1,4.841870105904098e-05,35,0.1363502122721255,4,0.13633417142857143,8,1,1,True,128,1024,8,128,False,12,8,1,1
165,512,1,RS,1,8,False,8,16,False,16,256,8,False,0.09458227859800009,64,256,1,2048,False,False,False,16,False,1,False,64,False,4,12,128,True,16,1,1,1,1,4,1,2.559217833316885e-05,35,0.0945992356877142,1,0.09459075714285714,1,8,1,True,1024,1,12,2048,True,8,1,1,1
166,256,256,RS,32,8,False,8,256,False,64,256,1,False,0.11542215101414292,32,256,1,64,False,True,False,16,True,128,False,2048,True,16,8,1024,True,16,1,1,12,4,4,1,4.50798475270401e-05,35,0.11545202041442855,4,0.11543708571428574,8,8,1,True,1024,2048,8,1,False,4,32,1,1
167,128,512,RS,1,1,False,1,1,False,256,256,8,True,0.07910565235555789,512,1,1024,1,False,False,False,1,False,1,True,2048,False,1,16,1024,True,12,1,12,1,16,1,4,3.157895450053582e-05,35,0.07912657621587069,8,0.07911611428571429,1,8,8,True,1,1,4,1024,True,8,32,1,1
168,128,64,RS,8,8,False,1,16,True,128,64,8,False,0.2292552670113204,32,1,128,128,True,False,False,32,True,128,False,1024,False,16,16,1,True,12,1,1,4,16,1,1,0.00010492650100067934,35,0.2293247901315368,1,0.2292900285714286,4,32,1,True,64,512,12,512,False,1,1,32,16
169,16,512,RS,8,8,True,1,16,True,32,1,8,False,0.09645473636629955,32,128,2048,256,False,False,False,256,True,32,True,1024,True,4,12,128,True,12,1,1,1,16,1,8,8.007786904135189e-05,35,0.09650779506227188,4,0.09648126571428571,1,8,1,True,2048,1,8,512,True,1,32,1,12
170,1,2048,RS,1,8,True,1,1,False,256,16,8,False,0.08924462469802519,16,128,64,2048,False,False,False,128,False,1,True,128,True,8,8,1,True,12,1,4,1,1,1,4,1.9838684946542422e-05,35,0.0892577695876891,12,0.08925119714285715,8,32,1,True,1,1024,4,128,True,1,8,1,4
171,1,1024,RS,8,8,True,8,32,True,1,128,8,False,0.12220971617278573,512,256,64,64,False,False,True,1,True,256,False,512,False,4,8,1,False,4,1,1,16,16,1,4,4.182158411585138e-05,35,0.12223742668435714,12,0.12222357142857143,12,8,8,True,1024,128,4,256,False,1,1,1,12
172,32,2048,RS,1,1,False,1,16,False,1,16,32,False,0.16147585280764856,256,128,2048,1024,True,True,True,1,True,16,False,256,False,8,12,1,False,12,1,1,4,12,16,1,0.0002582210791439882,35,0.16164694719235143,4,0.1615614,12,1,32,True,1024,1024,4,128,False,8,1,8,1
173,1,1,RS,32,1,False,1,32,True,1,1,1,False,0.10958759039638123,64,64,1024,512,True,False,False,512,False,64,False,1,True,8,16,2048,True,1,8,1,1,12,1,4,2.2279376388151073e-05,35,0.10960235246076162,16,0.10959497142857143,12,8,8,True,2048,64,12,64,False,1,8,8,12
174,128,1024,RS,1,8,False,8,32,False,512,32,8,True,0.11604131911784632,1,1,128,1,False,False,False,64,False,16,False,2048,True,4,1,64,False,12,1,8,1,4,12,1,2.033848267573165e-05,35,0.11605479516786799,4,0.11604805714285715,1,8,1,True,1024,1,4,1,False,1,8,1,4
175,32,512,RS,1,32,False,1,128,False,32,16,1,True,0.2079667293050767,128,128,2048,1024,False,True,False,1,False,512,True,512,False,4,4,1024,True,1,8,1,1,4,4,1,0.0002157316852017775,35,0.20810967069492325,16,0.20803819999999998,16,1,32,True,256,1024,8,2048,False,1,1,32,8
176,512,2048,RS,1,1,False,32,256,True,32,512,1,False,0.11933671526652309,256,512,1,2048,True,True,False,256,True,64,False,1,False,8,12,2048,False,1,4,12,1,16,1,4,6.252235518563926e-05,35,0.11937814187633405,1,0.11935742857142857,16,1,32,True,1024,256,1,1,False,1,8,1,1
177,128,1024,RS,8,1,True,32,32,False,16,16,8,False,0.12843388442293474,64,64,128,64,True,False,True,16,True,1,False,128,True,4,4,1,True,1,12,12,1,8,1,12,3.294827114476004e-05,35,0.12845571557706525,8,0.1284448,8,8,1,True,512,2048,12,2048,False,16,1,1,1
178,256,2048,RS,1,8,True,8,16,True,1,32,1,True,0.12890714739402148,256,256,2048,128,False,False,True,1,True,16,True,64,True,16,12,512,False,8,1,1,16,12,4,1,2.361656284933e-05,35,0.1289227954631214,1,0.12891497142857145,1,1,8,True,256,512,16,256,False,1,32,1,8
179,32,64,RS,8,32,True,1,128,True,1,1,1,True,0.24713750601002385,128,16,64,256,False,False,False,64,True,1,False,128,False,1,1,1024,False,1,1,1,12,12,1,16,0.00011645142983323191,35,0.2472146654185475,4,0.24717608571428568,8,1,1,True,2048,1024,1,1,False,1,32,1,16
180,16,2048,RS,32,1,True,32,512,True,32,128,1,True,0.11694203707047482,128,128,1024,1024,True,False,False,256,False,512,True,1024,True,12,4,2048,False,1,8,1,12,1,12,1,8.052420095086564e-05,35,0.11699539150095373,1,0.11696871428571427,4,1,1,True,512,1024,8,256,True,1,8,1,16
181,64,1024,RS,1,1,True,8,32,False,256,64,32,False,0.11336933776916408,16,16,512,1,True,True,True,64,False,32,True,64,False,4,1,1024,True,16,1,1,16,12,1,1,2.4594275092935202e-05,35,0.11338563365940738,4,0.11337748571428573,8,1,32,True,128,256,1,1024,True,8,8,8,1
182,128,2048,RS,1,8,False,8,16,True,512,1,8,True,0.11231276753829479,256,16,1,1024,False,False,True,1,False,128,False,128,True,4,16,1024,True,1,16,1,4,4,1,12,3.3387324981012855e-05,35,0.11233488960456235,4,0.11232382857142857,1,8,8,True,64,512,1,128,False,1,8,1,8
183,128,512,RS,1,8,False,8,64,False,256,32,8,False,0.11862475094841503,1,32,256,256,True,True,True,128,True,64,True,256,True,8,12,2048,True,1,1,4,1,16,8,1,0.0007077621507546274,35,0.11909370619444211,1,0.11885922857142857,4,32,1,True,1024,1024,16,512,True,1,1,8,1
184,256,1,RS,32,8,True,8,64,False,64,1,1,False,0.1239027378875182,256,256,512,512,False,False,False,256,False,64,False,64,True,4,16,1,True,12,1,8,1,1,1,12,3.2441922990890365e-05,35,0.12392423354105316,12,0.12391348571428568,16,8,8,True,1,512,4,128,False,12,1,1,1
185,32,512,RS,8,1,True,8,512,True,1,128,1,True,0.12280224002471003,32,16,64,256,False,False,False,128,False,256,False,1,True,16,4,2048,True,1,16,16,1,16,1,8,3.748061812048801e-05,35,0.12282707426100424,12,0.12281465714285714,8,8,8,True,1024,2048,16,128,False,1,8,1,12
186,256,256,RS,1,32,False,1,256,False,512,512,1,True,0.2842427200030742,64,128,2048,2048,True,True,True,1,True,64,True,64,False,1,16,256,False,4,1,12,1,16,1,16,0.00017048281019336881,35,0.28435567999692574,8,0.2842992,1,1,32,True,1024,1024,12,1024,False,12,1,32,1
187,32,256,RS,8,8,True,8,64,True,1,512,8,False,0.14714522389126217,32,32,256,256,True,False,False,64,False,16,False,256,False,4,1,256,True,1,8,1,4,1,1,1,0.00017120412926548026,35,0.1472586618230235,8,0.14720194285714283,12,1,8,True,128,256,4,2048,False,16,1,32,1
188,256,2048,RS,1,1,True,1,256,True,1,32,32,True,0.16464120982995237,128,64,512,64,False,False,False,128,False,16,False,64,False,1,8,1024,False,1,4,8,1,1,1,16,5.188790114963583e-05,35,0.1646755901700476,16,0.16465839999999998,8,1,1,True,512,2048,1,256,True,1,1,8,16
189,128,1024,RS,1,8,False,1,32,False,256,512,8,False,0.13250868487233375,1,16,1024,1,False,False,True,256,False,16,False,256,False,12,12,2048,True,1,8,16,1,1,4,1,6.063053719716045e-05,35,0.1325488579848091,1,0.13252877142857142,4,1,8,True,1,1024,8,2048,False,1,8,8,12
190,16,512,RS,8,32,True,1,16,True,128,128,1,True,0.2213379085263783,1,512,1024,2048,False,False,True,512,False,1,False,64,False,16,16,1024,True,1,1,16,1,1,8,1,0.00024511662197278103,35,0.22150032004505021,16,0.22141911428571426,12,32,1,True,2048,1024,16,2048,False,8,8,1,1
191,64,2048,RS,8,32,False,1,128,True,128,512,8,True,0.2657758929067093,512,512,256,256,False,True,False,64,False,32,True,1,False,16,4,2048,False,1,1,1,8,4,1,16,0.0003235575790161275,35,0.26599027852186213,4,0.2658830857142857,16,8,1,True,64,128,8,512,False,1,1,32,4
192,1,1,RS,1,1,False,8,16,False,32,64,1,True,0.1274753847126743,1,512,512,512,False,True,True,16,True,256,True,512,False,12,8,1024,True,16,1,16,1,4,1,1,2.824721767046353e-05,35,0.12749410100161138,12,0.12748474285714284,8,1,1,True,1,256,1,1024,False,16,8,8,1
193,128,64,RS,1,8,True,8,64,True,256,16,8,True,0.1132066354381232,128,32,1,256,True,True,True,1,True,16,True,1024,True,8,4,256,False,1,12,1,4,4,1,12,3.1802502789457534e-05,35,0.11322770741901961,16,0.1132171714285714,8,1,1,True,1024,256,1,128,False,1,8,8,12
194,16,2048,RS,8,8,False,1,256,False,1,128,8,False,0.11937534393803693,64,128,256,256,True,False,True,16,False,512,True,512,False,1,16,1,True,8,1,8,1,4,1,12,1.6813891244309253e-05,35,0.11938648463339165,16,0.11938091428571429,16,8,8,True,2048,1,12,1,False,1,1,8,4
195,128,1024,RS,1,1,True,32,16,True,512,16,8,True,0.12422360825581392,16,512,1,1,False,False,True,1,True,32,True,1024,False,4,8,2048,False,1,4,16,1,4,8,1,3.507549874549132e-05,35,0.1242468488870432,4,0.12423522857142856,16,8,8,True,64,256,8,64,True,1,32,1,12
196,64,1,RS,8,32,False,1,1,True,128,32,1,True,0.1263122256347074,32,128,64,2048,False,True,True,512,False,512,False,1,True,4,4,1,True,1,8,8,1,16,12,1,6.857110714210461e-05,35,0.12635766007957833,12,0.12633494285714286,4,8,1,True,1024,512,16,512,True,1,8,8,1
197,128,512,RS,32,1,True,8,32,True,64,32,1,True,0.11776194896379655,256,16,256,2048,True,True,False,512,False,256,True,256,False,8,4,256,False,1,8,1,1,16,1,16,5.0777996198739344e-05,35,0.11779559389334632,16,0.11777877142857143,16,8,1,True,512,128,4,128,False,1,8,8,12
198,32,512,RS,1,1,True,8,32,False,64,1,1,False,0.13385509214743668,32,16,128,1,False,False,True,32,False,512,True,2048,True,4,12,256,False,16,1,4,1,12,1,4,3.5425967646256044e-05,35,0.1338785649954204,1,0.13386682857142854,1,8,8,True,512,2048,16,1,False,16,1,1,1
199,16,1024,RS,8,8,False,8,16,False,1,128,8,True,0.08223229284802162,16,32,1024,256,True,False,False,256,False,1,True,1024,False,1,4,128,True,12,1,1,12,1,4,1,4.026201876585491e-05,35,0.08225897000912123,4,0.08224563142857143,16,8,1,True,1,128,1,256,True,1,8,8,12
200,16,2048,RS,8,8,False,1,32,False,128,1,8,False,0.12849076303087817,64,512,1024,2048,False,True,True,128,True,128,True,1024,True,12,4,2048,True,1,8,1,16,8,16,1,1.813612923623461e-05,35,0.1285027798262647,8,0.12849677142857144,16,1,32,True,2048,512,1,64,False,1,8,1,1
201,1,256,RS,8,8,False,1,32,True,64,128,8,True,0.1886087830874826,128,128,1,128,False,True,False,512,False,512,True,512,True,1,12,1,True,1,4,12,1,4,1,12,0.0003090554722019316,35,0.18881355976966027,8,0.18871117142857144,12,32,1,True,2048,64,1,1024,False,4,1,32,1
202,32,1,RS,1,1,True,1,16,False,512,32,1,True,0.1561075609276326,64,16,64,2048,True,True,True,32,False,64,True,128,True,4,8,128,True,12,1,4,1,1,16,1,0.00015518072150409138,35,0.15621038192951017,12,0.15615897142857138,12,1,1,True,256,256,16,2048,False,1,32,1,8
203,32,2048,RS,8,1,True,8,512,True,32,1,8,True,0.11894891932336697,1,512,1024,1,False,True,True,16,False,128,False,512,True,12,1,1,True,1,8,1,12,16,16,1,0.0001547888515734541,35,0.11905148067663303,1,0.1190002,1,1,1,True,1024,1,4,1,True,16,32,1,1
204,32,64,RS,8,8,True,8,32,True,64,16,1,False,0.12140045785442369,16,32,128,2048,True,False,True,32,True,16,False,1,False,1,12,1024,True,16,1,1,16,12,1,16,5.476140455258256e-05,35,0.12143674214557626,1,0.12141859999999997,12,1,1,True,2048,2048,12,256,False,1,8,1,12
205,512,256,RS,32,32,False,1,64,False,256,32,1,True,0.20555204391552795,64,16,512,1,True,False,False,16,True,256,False,1024,True,8,12,1024,True,1,16,4,1,4,1,12,4.7559166158737536e-05,35,0.20558355608447204,1,0.2055678,1,8,8,True,128,128,4,128,False,1,1,1,4
206,256,1,RS,8,8,False,8,64,False,32,512,1,True,0.11459971864009787,1,16,1024,128,False,False,True,512,True,64,False,128,False,12,4,2048,False,1,8,8,1,8,1,1,2.0771133815948002e-05,35,0.11461348135990217,1,0.11460660000000002,12,8,1,True,1,256,4,1,False,1,1,1,1
207,256,128,RS,8,8,True,8,128,False,256,1,8,False,0.11824120229352703,128,128,256,2048,False,False,True,16,False,256,False,1,True,12,16,128,False,1,12,1,1,16,8,1,3.578343020940003e-05,35,0.1182649119921873,8,0.11825305714285717,1,1,32,True,1024,1,1,1,False,1,32,1,4
208,512,512,RS,1,1,False,8,128,False,128,512,1,True,0.12322560613649994,32,32,1024,256,True,True,True,32,False,512,False,1,False,4,4,512,False,1,1,12,1,8,1,12,0.00011701161986603542,35,0.12330313672064291,8,0.12326437142857143,8,8,1,True,128,256,1,512,False,8,8,8,1
209,32,2048,RS,1,32,False,1,256,False,32,128,32,False,0.20749151533892612,32,1,512,1,False,True,False,256,False,64,False,1024,True,4,16,512,False,8,1,1,8,1,12,1,0.00017360159408653963,35,0.207606541803931,1,0.20754902857142857,1,1,32,True,256,2048,8,1024,False,1,1,8,1
210,32,256,RS,8,32,True,1,1,False,1,64,8,True,0.23403996257512172,128,64,1,256,True,True,False,16,False,32,True,256,False,4,16,2048,True,1,16,4,1,12,1,12,0.00018518790016452768,35,0.2341626659963068,16,0.23410131428571426,16,32,1,True,1024,64,16,256,False,1,8,8,1
211,32,512,RS,1,8,True,8,1,True,32,16,32,True,0.09711001333922226,16,32,512,1,False,False,True,32,True,512,True,1,True,12,16,2048,True,16,1,16,1,12,12,1,4.964364554358589e-05,35,0.09714290666077774,1,0.09712646,1,1,1,True,128,1024,1,512,True,1,1,1,16
212,64,128,RS,1,1,False,32,16,False,256,16,1,False,0.1280941930127598,64,64,512,1024,False,True,True,64,True,32,True,2048,False,1,1,2048,False,1,8,1,16,1,1,4,6.599607904246879e-05,35,0.1281379212729545,12,0.12811605714285715,8,8,1,True,1,1024,1,1024,True,8,8,8,1
213,128,256,RS,8,32,False,1,32,True,32,64,8,False,0.18020893441736938,128,1,128,64,False,True,False,16,False,64,False,1,True,4,1,512,False,1,16,4,1,1,1,1,8.980320434262856e-05,35,0.18026843701120207,1,0.18023868571428572,12,1,1,True,512,128,8,64,False,1,8,1,12
214,16,64,RS,1,1,True,8,64,False,16,128,32,False,0.15464442370133957,32,64,1,2048,True,False,True,1,False,16,False,2048,False,8,8,1024,False,1,8,16,1,1,1,12,5.374335079897847e-05,35,0.15468003344151765,12,0.1546622285714286,4,8,1,True,2048,2048,8,128,True,12,32,1,1
215,256,1024,RS,8,8,True,8,64,True,16,32,1,True,0.12447740479200364,512,16,1024,1024,True,False,True,64,True,64,False,1024,True,4,8,1,False,1,12,1,12,12,1,16,0.00013866237369074264,35,0.12456928092228203,8,0.12452334285714284,1,8,8,True,512,128,1,1024,True,1,1,32,12
216,128,1024,RS,8,8,False,8,1,True,16,16,8,True,0.10738782557074698,64,1,256,128,True,False,True,256,True,128,True,128,True,8,16,512,True,8,1,1,12,12,1,16,3.157356166032636e-05,35,0.10740874585782446,16,0.10739828571428572,1,1,8,True,1024,1,16,1024,False,12,8,8,1
217,256,1,RS,8,1,False,32,32,True,16,128,1,False,0.16120627617546937,1,64,1024,512,True,True,False,128,False,64,True,1,True,16,16,1,False,16,1,16,1,16,12,1,0.00020511182813484093,35,0.1613421809673878,12,0.1612742285714286,4,32,1,True,1,2048,1,256,True,12,1,1,1
218,256,1,RS,1,1,False,8,32,False,64,128,32,False,0.14651483360767723,128,512,256,64,False,False,True,16,False,32,False,256,False,4,12,512,False,16,1,1,12,4,12,1,0.00019583995965052144,35,0.14664459496375135,12,0.14657971428571429,8,8,8,True,256,512,1,1024,False,4,8,8,1
219,64,2048,RS,32,1,False,32,16,True,32,32,1,True,0.13093190901502266,16,16,128,512,True,False,True,64,False,512,False,512,True,12,4,64,True,12,1,1,12,4,1,12,3.5030086194233854e-05,35,0.13095511955640587,8,0.13094351428571427,16,1,32,True,512,512,12,512,True,16,1,8,1
220,128,64,RS,1,8,False,8,64,True,1,1,32,False,0.19025419375875322,32,1,2048,128,True,False,False,64,False,128,False,1024,True,8,8,1,False,12,1,1,8,16,12,1,0.00015214940026171686,35,0.19035500624124682,16,0.19030460000000002,4,8,1,True,512,64,1,1024,False,4,1,32,1
221,1,2048,RS,8,8,False,1,256,True,256,256,8,True,0.16291101839532168,512,16,2048,2048,False,False,False,1,False,64,False,256,False,4,16,512,True,8,1,1,8,12,1,8,4.711874708150353e-05,35,0.16294223874753538,12,0.16292662857142853,16,8,8,True,2048,2048,8,1,False,4,1,32,1
222,32,2048,RS,32,1,False,32,32,True,32,128,1,True,0.13997815571365035,1,128,2048,2048,True,False,True,32,False,256,False,512,True,1,8,256,True,1,16,1,1,16,4,1,0.0004500572244794247,35,0.140276358572064,4,0.14012725714285718,1,1,1,True,1024,64,8,2048,True,12,1,32,1
223,512,128,RS,32,1,True,1,16,True,1,1,1,True,0.09048240716806687,128,1,2048,1,False,True,False,32,True,64,False,1,True,8,8,128,True,1,4,1,16,1,8,1,2.7661985998618312e-05,35,0.090500735689076,1,0.09049157142857144,4,1,1,True,128,512,4,1024,True,1,1,1,4
224,16,1,RS,1,8,False,1,64,True,256,16,32,True,0.13019523055353327,64,128,2048,2048,False,True,False,32,True,128,False,1,False,1,12,512,False,12,1,16,1,16,12,1,6.95049198082497e-05,35,0.13024128373218097,1,0.13021825714285712,12,8,1,True,64,256,12,128,True,1,8,1,8
225,32,64,RS,1,8,True,1,1,True,16,64,1,True,0.12908302449456108,1,16,2048,64,False,True,True,32,True,1,True,1024,True,12,4,1,False,1,1,8,1,12,1,12,3.054190831079931e-05,35,0.12910326121972468,4,0.12909314285714288,1,8,1,True,512,64,4,256,False,1,1,8,1
226,1,64,RS,32,8,False,8,1,True,256,1,1,False,0.1422620932894825,1,16,512,2048,False,False,True,32,True,64,False,2048,False,8,16,2048,True,1,8,8,1,16,1,12,4.706516541900461e-05,35,0.1422932781390889,8,0.1422776857142857,12,32,1,True,128,1,16,256,True,1,32,1,12
227,16,256,RS,1,8,True,8,16,True,16,512,8,True,0.09434019969474361,128,256,2048,128,True,True,False,16,True,16,False,2048,False,12,4,2048,False,1,12,8,1,4,1,1,0.00011045943778563418,35,0.09441338887668496,8,0.09437679428571429,1,1,8,True,1,512,8,1,True,1,1,1,12
228,16,1,RS,1,1,True,8,128,True,64,16,1,True,0.08865829365868406,32,1,2048,128,True,True,True,128,False,1,False,2048,True,8,12,256,True,12,1,1,1,4,1,8,8.256118196432745e-05,35,0.08871299776988738,4,0.08868564571428572,4,1,32,True,1024,512,8,256,True,8,8,1,1
229,64,1,RS,8,1,True,32,128,False,64,32,8,False,0.1659197313830371,1,256,256,2048,False,True,False,128,False,64,True,1024,True,16,4,512,False,1,8,1,4,1,1,1,0.00019295757385011543,35,0.1660475829026771,1,0.1659836571428571,12,1,1,True,512,256,8,256,True,1,1,32,4
230,32,256,RS,8,32,True,1,128,True,256,32,1,True,0.19417286088880797,64,16,2048,256,True,True,False,16,False,32,True,64,True,8,4,1024,False,12,1,16,1,1,1,12,0.0001250393244266034,35,0.19425571053976348,4,0.19421428571428573,1,1,32,True,512,256,12,2048,True,16,1,32,1
231,32,1024,RS,1,8,True,8,512,False,32,64,8,True,0.11005586951028185,16,256,1024,128,False,False,False,64,True,256,False,1,True,16,16,256,False,1,16,12,1,12,12,1,4.515338032863136e-05,35,0.11008578763257532,1,0.11007082857142858,16,1,1,True,2048,1,1,1024,False,4,32,1,1
232,256,1024,RS,1,8,True,8,1,True,256,32,32,False,0.14739141610734358,64,128,256,512,True,True,True,32,False,1,True,128,False,16,16,128,True,1,12,1,16,8,12,1,4.807431322272665e-05,35,0.14742326960694213,8,0.14740734285714285,12,1,8,True,128,256,4,256,False,4,8,8,1
233,16,128,RS,8,32,False,1,256,False,16,16,1,True,0.12011746510598913,1,128,1,64,True,False,True,256,True,32,False,256,False,1,4,256,False,1,1,1,12,8,8,1,6.224255385348627e-05,35,0.12015870632258228,12,0.1201380857142857,1,8,8,True,512,2048,4,256,True,12,8,8,1
234,1,256,RS,32,32,False,1,16,False,128,32,1,True,0.17545865505974653,256,64,256,1024,False,True,False,64,False,128,False,256,False,12,16,512,True,1,8,1,1,16,1,1,0.00013118008808582244,35,0.17554557351168207,4,0.1755021142857143,1,8,8,True,2048,256,12,512,False,1,8,8,1
235,128,512,RS,1,1,True,32,512,False,64,1,32,False,0.16217135348353082,64,16,256,2048,False,False,True,64,True,32,False,512,True,4,8,128,True,1,12,1,8,12,1,12,0.0001768498867655286,35,0.16228853223075482,16,0.16222994285714282,4,8,8,True,1024,1024,1,256,True,1,32,1,1
236,512,1024,RS,32,8,True,1,64,False,16,1,1,False,0.13711161254506146,128,32,1024,256,True,True,False,1,False,256,True,512,True,8,4,256,True,1,16,1,1,16,16,1,3.187160466110143e-05,35,0.13713273031208137,1,0.13712217142857142,12,1,8,True,2048,512,4,128,False,1,32,1,4
237,256,256,RS,32,1,True,32,16,True,64,512,1,True,0.13614997991375202,512,128,512,2048,True,True,True,1,True,16,True,2048,False,12,1,1,True,4,1,1,1,1,16,1,7.40561066946921e-05,35,0.13619904865767649,12,0.13617451428571425,8,1,1,True,256,1024,4,512,True,12,1,32,1
238,16,2048,RS,8,8,True,1,16,False,256,64,8,True,0.15591311990974432,16,512,64,1024,True,True,False,256,True,64,False,1,False,8,8,64,False,1,1,12,1,16,12,1,0.0004225679165313345,35,0.15619310866168423,4,0.15605311428571428,4,32,1,True,512,1024,8,512,False,1,1,8,4
239,64,256,RS,1,8,False,8,1,False,1,512,8,True,0.10653624662725353,32,32,64,1024,True,False,False,1,True,64,True,256,False,16,4,128,False,1,4,1,1,4,16,1,2.961268343815195e-05,35,0.10655586765846076,12,0.10654605714285714,16,1,8,True,256,256,4,512,False,12,8,8,1
240,256,128,RS,32,32,False,1,512,True,16,1,1,False,0.1410656719062495,16,64,1024,512,False,False,True,1,True,1,True,1,False,4,1,64,True,1,8,1,12,16,1,8,4.2731377373598714e-05,35,0.14109398523660763,4,0.14107982857142856,12,1,8,True,2048,1,8,2048,True,1,1,1,12
241,64,1,RS,8,1,False,8,256,True,32,16,8,False,0.1181984990091612,128,16,256,2048,False,False,True,128,False,128,False,1,True,16,12,1024,True,1,4,16,1,1,8,1,4.549554811142743e-05,35,0.11822864384798167,8,0.11821357142857143,12,1,1,True,512,512,16,2048,False,1,8,8,8
242,128,1,RS,1,1,True,8,256,False,16,32,32,True,0.17560765010839052,128,256,1024,64,True,True,False,512,False,16,False,256,False,12,1,2048,False,1,16,1,1,1,1,16,0.00033498444191712787,35,0.1758296070344666,16,0.17571862857142856,1,32,1,True,1024,512,16,256,False,4,1,1,1
243,256,256,RS,1,1,True,1,32,False,32,64,8,True,0.08033180806815401,128,16,1024,512,False,True,False,1,False,512,True,1024,False,8,12,256,True,1,1,1,12,1,8,1,4.353638722086273e-05,35,0.08036065478898885,8,0.08034623142857143,12,8,8,True,1,2048,8,512,True,1,8,1,16
244,64,128,RS,1,1,False,1,16,True,256,32,32,True,0.20072150954187598,512,1,256,512,False,True,False,32,True,64,False,512,False,1,4,1024,True,1,1,1,12,8,16,1,0.0001278246886184672,35,0.20080620474383823,12,0.2007638571428571,1,8,1,True,1,256,12,256,False,4,1,32,1
245,16,1,RS,1,1,False,8,16,False,16,1,32,True,0.140840162850647,32,256,128,2048,False,True,False,32,True,32,False,1024,False,1,8,1,False,1,8,1,12,16,4,1,0.00030592560920483184,35,0.14104286572078162,16,0.1409415142857143,4,8,1,True,1024,1024,16,2048,False,4,1,32,1
246,32,2048,RS,8,8,False,1,128,False,32,16,1,False,0.19459268298606247,1,1,512,2048,True,True,False,16,False,512,False,2048,False,16,8,64,False,16,1,1,1,1,1,8,4.2870416991920554e-05,35,0.19462108844250897,16,0.19460688571428572,1,1,1,True,1024,256,8,1024,False,1,1,32,4
247,64,2048,RS,1,8,True,1,512,False,1,128,1,False,0.08306009001579878,16,256,512,2048,True,True,False,1,True,32,False,1,True,16,16,1,True,1,12,1,1,1,1,4,4.010670827903501e-05,35,0.08308666426991548,12,0.08307337714285713,4,1,1,True,64,2048,8,128,True,16,8,8,1
248,64,1,RS,32,32,True,1,64,False,64,1,1,True,0.1611232117619636,128,256,64,512,False,False,False,16,False,16,False,256,True,1,4,1,True,1,1,1,16,4,1,4,0.00025049696890096896,35,0.16128918823803645,8,0.16120620000000002,16,1,32,True,128,1,4,1,False,12,1,32,1
249,64,1024,RS,1,32,True,1,1,False,16,16,32,False,0.16426042358326018,512,64,2048,1024,True,False,True,512,False,64,True,64,False,16,1,2048,True,1,8,8,1,12,8,1,6.736991395365039e-05,35,0.1643050621310255,16,0.16428274285714284,16,32,1,True,2048,128,12,128,True,1,8,8,4
250,64,64,RS,8,8,True,1,32,True,1,1,8,True,0.12458258967180033,1,1,64,256,False,True,True,128,True,64,True,1024,False,1,8,256,True,1,1,1,1,4,1,16,3.6425221134454035e-05,35,0.12460672461391398,12,0.12459465714285715,8,8,1,True,1024,512,8,1,False,16,8,1,1
251,32,2048,RS,32,8,False,1,256,False,1,32,1,True,0.1637530380823933,16,128,2048,64,False,False,False,1,True,1,True,64,True,8,16,256,True,4,1,1,8,4,1,8,0.0003613244954613647,35,0.16399244763189244,8,0.16387274285714287,8,8,8,True,64,2048,16,256,False,16,1,32,1
252,64,2048,RS,1,1,False,32,256,False,512,128,1,True,0.1775244090227705,64,16,2048,1024,False,True,False,512,False,64,False,2048,True,8,16,128,False,1,4,12,1,4,1,1,0.0005627868484023901,35,0.17789730526294378,16,0.17771085714285714,12,32,1,True,1,1,8,1,True,4,1,8,1
253,32,512,RS,8,8,False,1,16,False,1,512,8,False,0.08520880275627077,256,512,128,1024,False,False,True,64,False,64,True,256,True,16,16,2048,True,4,1,1,4,8,16,1,2.921040714735526e-05,35,0.0852281572437292,16,0.08521847999999999,4,1,32,True,2048,512,12,1024,True,4,8,1,1
254,64,256,RS,1,1,True,8,16,True,1,32,1,False,0.10447914160937291,512,128,1024,512,True,True,True,128,False,32,True,128,False,12,4,2048,True,1,4,1,8,12,1,8,5.545725325667914e-05,35,0.10451588696205566,8,0.10449751428571429,8,8,8,True,1,1024,8,2048,False,8,8,8,1
255,1,2048,RS,1,1,True,32,64,False,1,1,1,True,0.08956649951008058,16,128,512,2048,False,False,True,16,True,16,False,512,False,1,12,512,True,1,16,1,4,16,12,1,3.5947067207440656e-05,35,0.08959031763277653,8,0.08957840857142856,16,8,1,True,2048,128,16,2048,True,1,1,1,12
256,256,1,RS,8,8,True,1,64,True,16,256,8,False,0.08775878285664068,64,512,1024,2048,False,True,False,1,False,64,False,64,False,8,12,1,False,1,4,1,12,4,8,1,7.319342972632277e-05,35,0.0878072800005022,4,0.08778303142857144,8,1,8,True,512,128,8,256,True,1,8,8,8
257,32,128,RS,8,1,False,32,64,False,32,256,8,True,0.12561001107758904,512,32,64,64,True,False,False,256,False,64,False,1,False,16,16,1024,True,1,12,1,12,1,1,16,4.739956083496048e-05,35,0.12564141749383953,4,0.12562571428571429,4,8,1,True,1024,1024,8,1024,True,8,8,8,1
258,16,1,RS,8,8,False,1,16,False,256,32,1,False,0.14021075717265347,256,256,64,1,False,False,False,32,False,32,True,2048,True,8,4,256,False,1,1,12,1,4,8,1,7.757442246261605e-05,35,0.14026215711306084,4,0.14023645714285715,16,8,8,True,2048,128,1,256,False,8,8,1,1
259,256,64,RS,8,1,False,8,128,False,32,512,1,True,0.0813556667552241,64,16,256,1024,True,False,True,64,False,16,True,256,True,8,4,2048,True,1,8,1,4,4,4,1,9.066287785200839e-05,35,0.08141573895906162,1,0.08138570285714286,16,8,1,True,512,1,16,512,True,1,1,1,16
260,128,2048,RS,1,8,False,8,64,False,128,16,1,False,0.1080319737260909,1,128,1,512,True,True,False,256,True,16,True,512,True,16,8,2048,False,1,16,1,4,8,8,1,3.457603275126184e-05,35,0.10805488341676624,1,0.10804342857142857,16,32,1,True,256,2048,12,128,False,8,32,1,1
261,1,512,RS,32,8,False,8,64,False,128,64,1,True,0.15305112585842703,32,64,128,2048,False,True,True,64,True,128,True,2048,False,12,1,1024,True,1,4,12,1,4,1,12,0.00014674863695782441,35,0.1531483598558587,16,0.15309974285714287,8,32,1,True,1,64,12,64,False,1,8,1,1
262,128,2048,RS,8,1,False,8,512,False,32,64,8,True,0.10871731768521473,128,1,1024,512,True,True,True,32,False,512,False,512,False,4,8,2048,True,1,1,4,1,12,1,16,7.226037952418762e-05,35,0.10876519660049955,1,0.10874125714285714,12,8,8,True,64,512,4,1,True,1,8,8,8
263,1,64,RS,8,1,True,1,32,False,32,1,8,False,0.11918195440300314,64,16,1024,128,True,False,False,128,True,64,True,2048,True,12,16,1024,False,8,1,1,8,8,1,4,7.007974466452354e-05,35,0.11922838845413972,4,0.11920517142857143,8,32,1,True,128,512,8,1024,True,1,8,8,8
264,1,256,RS,8,1,True,8,256,False,32,128,8,True,0.10811286631603781,512,64,64,2048,False,False,False,1,True,64,True,128,True,16,16,512,False,4,1,1,16,8,1,12,3.938482044687685e-05,35,0.10813896225539074,16,0.10812591428571428,12,8,1,True,1024,1,1,1,True,1,8,1,16
265,256,2048,RS,8,1,False,1,64,True,16,256,1,False,0.11480565216897845,1,1,256,64,False,False,False,1,False,16,True,1,True,12,1,1,True,1,8,16,1,1,1,12,5.917689841587254e-05,35,0.11484486211673584,12,0.11482525714285714,4,1,32,True,2048,128,1,1024,True,8,8,1,1
266,512,256,RS,1,32,True,1,256,False,1,128,32,True,0.1918068229045237,64,256,512,1024,True,True,False,32,False,64,False,2048,False,16,16,1024,False,12,1,1,1,4,1,12,7.246022976750113e-05,35,0.19185483423833347,16,0.19183082857142858,1,8,1,True,256,512,8,2048,True,1,8,1,12
267,32,256,RS,1,1,True,1,32,False,512,1,1,True,0.13546743261500654,64,256,64,1,True,True,False,32,False,256,True,512,False,12,4,1024,False,1,8,1,1,12,1,1,7.113729180756354e-05,35,0.1355145673849935,12,0.13549100000000003,8,1,8,True,256,2048,4,128,False,1,1,1,16
268,32,1024,RS,32,1,True,1,16,False,32,128,1,True,0.12195409781241436,64,1,64,1024,False,True,True,64,True,16,False,2048,False,1,1,1,False,1,12,1,16,4,1,16,5.1708571112829887e-05,35,0.12198835933044279,12,0.12197122857142857,12,1,8,True,256,128,1,512,True,4,8,1,1
269,256,1024,RS,32,1,False,8,16,False,16,256,1,False,0.11005020248617806,32,32,1024,1024,True,False,False,256,True,256,True,1024,True,1,8,1,True,1,12,1,12,16,16,1,5.984431502504033e-05,35,0.11008985465667909,1,0.11007002857142857,1,1,1,True,1024,2048,16,1024,True,1,1,1,12
270,64,1024,RS,1,1,False,1,512,True,32,32,8,True,0.1320468414500861,64,512,512,1,True,True,False,128,False,16,False,1024,True,16,4,128,False,1,1,1,16,8,4,1,6.800591810981332e-05,35,0.1320919014070568,8,0.13206937142857145,1,1,8,True,128,1,16,64,False,1,8,1,8
271,256,1024,RS,8,32,False,1,256,False,128,16,1,False,0.08933441640866485,256,16,1,256,False,True,True,256,False,16,True,256,True,16,4,512,True,1,4,1,1,1,12,1,3.903526150567347e-05,35,0.0893602807341923,16,0.08934734857142858,8,8,8,True,512,512,4,256,True,16,32,1,1
272,16,1,RS,1,8,False,8,1,False,128,128,1,True,0.11296537952794172,512,64,64,2048,True,False,True,512,True,1,False,128,True,4,8,2048,False,1,12,1,16,4,8,1,3.076388022552815e-05,35,0.11298576332920113,1,0.11297557142857143,4,1,32,True,1,1,8,128,False,16,8,8,1
273,64,256,RS,8,8,False,1,512,True,64,1,1,False,0.13750362839987562,512,1,512,1024,False,False,False,512,False,64,True,64,False,16,1,2048,False,16,1,16,1,1,1,4,7.77906347650083e-05,35,0.13755517160012437,1,0.1375294,8,1,32,True,2048,512,1,2048,False,1,1,1,1
274,128,256,RS,32,8,False,1,1,True,1,512,1,False,0.1022129857988517,64,16,1024,256,False,False,False,128,False,16,True,256,False,8,4,2048,True,12,1,12,1,1,1,8,3.281475526749121e-05,35,0.10223472848686262,12,0.10222385714285716,4,8,8,True,1024,1024,16,2048,True,1,1,1,1
275,32,128,RS,32,1,False,1,32,False,128,128,1,False,0.13195678427875993,1,64,1,1024,True,False,True,512,False,512,False,512,False,1,12,1,True,4,1,1,4,12,8,1,3.221565090550571e-05,35,0.13197813000695438,1,0.13196745714285715,4,1,1,True,1024,256,4,512,False,12,8,1,1
276,32,1,RS,8,1,False,32,64,False,256,512,8,True,0.12200739192947756,1,16,2048,1024,False,True,True,32,True,1,False,128,True,12,16,128,True,16,1,1,8,12,1,4,5.927248733689269e-05,35,0.1220466652133796,8,0.12202702857142858,4,8,8,True,128,1024,4,1,False,1,8,1,12
277,128,2048,RS,1,32,True,1,128,True,128,128,1,True,0.15921632361717672,64,1,256,128,True,True,False,64,False,32,False,256,False,12,16,2048,False,1,16,4,1,1,1,16,5.47353857114382e-05,35,0.15925259066853756,16,0.15923445714285714,16,1,1,True,64,2048,12,2048,True,16,1,1,1
278,32,1024,RS,1,1,False,8,1,True,32,64,32,True,0.15117531083923766,512,16,2048,1024,True,True,False,256,True,16,False,1024,True,8,8,2048,True,12,1,4,1,4,1,1,0.00011514322580586005,35,0.15125160344647662,8,0.15121345714285714,8,1,8,True,1024,512,12,512,False,4,1,1,1
279,1,512,RS,1,1,True,8,128,False,64,64,8,True,0.11452109584430302,16,16,1024,128,False,False,True,128,False,512,False,2048,True,12,8,1,True,1,1,1,4,16,1,12,3.377621430920375e-05,35,0.1145434755842684,16,0.11453228571428571,8,8,8,True,1024,1,12,512,True,16,1,1,1
280,64,1024,RS,1,1,True,1,32,True,32,64,8,False,0.13026404852114956,16,16,512,256,False,True,False,256,False,32,True,64,True,8,1,128,True,16,1,8,1,12,16,1,5.220232225657826e-05,35,0.1302986371931362,8,0.13028134285714288,12,1,8,True,1024,512,12,256,True,8,1,32,1
281,64,128,RS,1,1,False,8,32,True,32,1,1,False,0.114009059427791,32,128,128,256,False,False,False,16,False,64,True,1,True,16,16,1,False,4,1,12,1,1,16,1,9.391043931451296e-05,35,0.11407128342935184,8,0.11404017142857142,12,8,1,True,1,1024,12,64,True,1,32,1,12
282,64,1,RS,8,8,True,8,64,True,512,256,1,False,0.08667113777759818,256,16,64,1,True,False,True,1,False,128,True,2048,True,12,1,2048,False,1,1,1,16,8,1,12,0.00015454341615724298,35,0.08677353650811608,8,0.08672233714285713,12,8,1,True,256,64,12,2048,True,1,8,8,1
283,128,256,RS,32,8,True,8,32,False,32,512,1,False,0.10945698231713655,256,32,1024,128,True,False,False,256,False,16,False,1024,False,4,16,1,False,1,4,16,1,1,1,8,4.0155818954646615e-05,35,0.10948358911143491,16,0.10947028571428573,16,1,8,True,2048,2048,16,2048,False,8,8,8,1
284,16,512,RS,8,8,False,8,32,False,32,1,1,True,0.1055857379462157,512,128,64,256,True,True,False,128,False,64,True,1,False,8,4,1,True,1,1,1,1,8,16,1,5.9694159287666934e-05,35,0.10562529062521284,1,0.10560551428571427,1,32,1,True,1,512,12,128,True,1,8,8,4
285,16,2048,RS,8,1,False,1,256,True,256,16,1,True,0.1337379242942307,512,128,512,512,False,False,True,16,True,128,False,128,False,16,12,2048,False,8,1,16,1,8,1,16,4.9645074976152494e-05,35,0.13377081856291212,12,0.1337543714285714,1,1,8,True,64,512,1,64,True,1,32,1,12
286,1,1024,RS,1,32,False,1,64,True,1,512,1,True,0.12770388639458014,32,512,128,2048,False,True,False,256,False,512,True,1024,True,8,12,1024,True,1,16,1,1,8,1,1,9.779616452560272e-05,35,0.1277686850339913,16,0.12773628571428572,4,8,1,True,256,1024,12,512,True,8,8,1,1
287,256,1,RS,1,32,True,1,256,False,1,512,32,False,0.17739700481816834,64,32,256,128,True,True,True,256,True,256,True,1,False,4,12,128,True,4,1,12,1,8,1,4,0.00015858415392955012,35,0.1775020808961173,16,0.17744954285714282,8,8,8,True,256,512,4,2048,True,16,1,8,1
288,16,256,RS,1,1,False,32,16,True,16,64,8,False,0.08495694530196518,32,32,256,64,False,True,True,16,False,64,False,512,True,16,8,512,True,1,4,1,8,1,16,1,2.443355070389945e-05,35,0.0849731346980348,1,0.08496503999999999,4,1,8,True,1,1024,1,64,True,8,1,1,1
289,128,128,RS,8,32,True,1,256,True,128,512,8,False,0.12326074424078122,16,32,256,256,True,False,True,64,True,16,True,1024,True,4,16,256,True,1,4,1,16,1,1,1,8.132185488312886e-05,35,0.12331462718779022,12,0.12328768571428572,4,1,1,True,256,1024,1,2048,False,16,32,1,1
290,1,2048,RS,8,8,True,8,1,False,16,16,1,True,0.08954885570801889,64,1,64,1,False,False,True,128,True,64,True,256,False,1,12,1,True,1,1,1,16,1,1,1,3.093064578988988e-05,35,0.08956935000626683,4,0.08955910285714286,4,1,32,True,1,128,1,1024,True,16,1,1,1
291,512,1024,RS,1,1,True,1,128,True,512,256,8,False,0.11978824255159605,16,64,512,512,True,True,False,128,True,16,True,1,False,8,1,1024,False,1,4,1,1,4,4,1,2.1604496886395058e-05,35,0.11980255744840403,12,0.11979540000000004,4,8,8,True,256,1024,16,1,False,1,32,1,12
292,64,1,RS,8,1,False,32,64,False,32,16,8,False,0.1277177843555194,512,128,128,256,True,True,False,32,True,1,False,64,True,1,8,2048,True,8,1,1,16,1,1,16,4.385806420623861e-05,35,0.1277468442159092,16,0.1277323142857143,4,8,1,True,64,2048,12,256,True,1,8,8,12
293,512,128,RS,1,32,False,1,512,True,256,16,32,False,0.2099881113295552,1,128,512,256,True,False,True,16,True,1,True,1,True,4,4,2048,True,8,1,1,1,12,1,1,0.00013911697031121603,35,0.21008028867044476,1,0.21003419999999998,4,8,1,True,128,1,4,2048,False,1,32,1,4
294,16,64,RS,8,1,False,32,128,False,64,1,1,True,0.13542060864934571,16,32,128,1,False,False,True,64,False,16,False,1,True,4,8,256,False,4,1,4,1,8,8,1,5.0166628471972015e-05,35,0.13545384849351136,12,0.13543722857142854,8,1,32,True,64,128,16,64,True,1,1,8,8
295,128,256,RS,1,8,False,8,32,True,512,32,1,True,0.09146200731224885,256,32,1,1,False,True,False,64,True,1,True,128,False,12,16,1024,True,16,1,1,16,4,1,1,2.6592152287193637e-05,35,0.09147962697346546,16,0.09147081714285715,12,1,1,True,512,2048,16,256,True,16,8,8,1
296,256,2048,RS,8,1,False,1,64,False,16,32,1,True,0.12570419475188455,16,512,2048,1,True,True,True,128,True,64,True,1,False,8,1,128,False,1,8,16,1,12,16,1,0.0005511872795546522,35,0.12606940524811544,1,0.1258868,12,32,1,True,512,1,4,256,True,1,8,1,12
297,64,1,RS,32,1,True,32,64,True,64,16,1,False,0.12287875898763402,32,1,256,128,False,False,True,32,True,1,True,1024,False,16,12,64,False,12,1,8,1,12,12,1,3.617287291181006e-05,35,0.12290272672665169,4,0.12289074285714285,12,1,1,True,256,64,12,256,False,1,1,8,16
298,64,256,RS,1,1,False,32,32,False,16,128,1,True,0.13147995757762035,128,16,2048,512,False,False,False,1,True,256,False,256,True,8,12,128,False,1,4,16,1,16,1,16,7.679702375185257e-05,35,0.1315308424223797,8,0.13150540000000002,1,1,1,True,256,1,4,256,True,1,8,8,16
299,16,128,RS,32,8,False,8,64,False,1,32,1,False,0.12430338871694441,32,1,512,1024,True,True,True,64,False,128,True,1024,True,12,1,2048,False,16,1,1,8,8,12,1,5.557378621513647e-05,35,0.12434021128305561,4,0.12432180000000001,12,1,8,True,2048,1024,1,256,False,1,8,1,8
300,1,512,RS,1,1,True,8,64,False,1,16,8,True,0.08799364762074006,32,1,512,2048,True,False,True,32,True,256,True,256,True,12,4,512,True,4,1,1,8,8,12,1,3.957923842478202e-05,35,0.08801987237925994,1,0.08800676,1,1,1,True,1024,128,1,1024,True,12,8,8,1
301,256,512,RS,8,1,True,32,1,False,16,1,8,False,0.10334199966528186,1,16,1,128,False,True,False,16,False,32,False,256,False,16,16,256,True,4,1,1,1,1,8,1,0.00016015206039567505,35,0.10344811462043242,16,0.10339505714285714,8,1,1,True,128,1024,12,1,True,8,1,32,1
302,256,1024,RS,8,8,False,1,256,False,1,64,1,True,0.12015600203739964,1,128,256,256,True,False,False,256,True,256,False,1024,False,12,1,1,True,1,4,1,4,4,1,1,2.3279140176280443e-05,35,0.12017142653402894,4,0.12016371428571429,12,1,1,True,1,2048,1,1,False,12,32,1,1
303,1,512,RS,32,1,True,8,256,False,32,128,1,True,0.10922934247701618,1,128,2048,128,False,False,False,16,False,128,False,1024,False,8,16,1,True,4,1,1,4,4,16,1,4.450192382908716e-05,35,0.10925882895155525,12,0.10924408571428572,4,1,8,True,64,1024,1,512,True,4,1,1,1
304,32,2048,RS,1,8,True,1,64,True,64,512,32,True,0.15098429541474453,1,256,128,256,True,True,True,64,False,256,False,1,False,12,8,64,False,1,4,1,1,4,8,1,0.00021316048567466826,35,0.151125533156684,1,0.15105491428571427,1,1,32,True,128,128,8,512,False,1,1,1,8
305,32,1024,RS,8,1,False,1,1,True,32,512,1,True,0.11890636036163983,16,1,1024,128,True,False,False,16,True,1,False,1024,False,12,12,1,False,1,12,1,12,16,1,4,4.6603985114701944e-05,35,0.11893723963836013,16,0.11892179999999998,16,1,32,True,128,512,1,1,False,1,8,8,1
306,256,256,RS,1,1,False,1,256,True,64,1,32,False,0.15025320392408353,64,256,1024,2048,True,False,True,512,True,16,False,256,False,16,1,1024,True,1,12,1,4,1,16,1,0.0002211121684132472,35,0.15039971036163075,16,0.15032645714285714,1,32,1,True,2048,1,12,128,True,1,1,8,1
307,256,256,RS,32,1,True,32,64,True,1,128,1,True,0.13667895945810776,128,16,1,256,True,False,False,16,False,512,True,512,False,16,12,2048,False,16,1,4,1,16,8,1,4.013857628419944e-05,35,0.1367055548276065,4,0.13669225714285713,1,8,8,True,1024,1024,8,128,False,12,8,1,1
308,64,2048,RS,1,1,False,32,64,False,1,16,8,False,0.12516183198611694,1,512,64,1,False,False,False,128,True,64,True,128,True,4,12,2048,False,16,1,1,4,1,1,4,3.181292254440573e-05,35,0.12518291087102587,1,0.1251723714285714,8,32,1,True,512,1024,8,64,False,1,8,1,8
309,16,512,RS,1,32,False,1,16,True,512,128,32,True,0.18156564271993447,512,64,1,1024,True,True,False,256,True,128,True,128,True,1,1,512,True,4,1,1,12,16,1,8,0.0002616149593176488,35,0.18173898585149406,4,0.18165231428571427,12,1,32,True,1024,128,12,512,True,4,1,1,1
310,128,128,RS,8,32,False,1,256,False,64,1,8,True,0.15633679377273113,16,64,1024,256,True,True,False,128,True,64,False,2048,False,16,16,2048,False,1,1,1,12,16,16,1,0.0001517181489957427,35,0.1564373205129831,4,0.1563870571428571,12,32,1,True,1024,1024,4,2048,True,12,8,8,1
311,512,1,RS,8,1,False,8,512,False,512,1,8,True,0.10984945529232207,64,128,1024,2048,False,False,True,64,False,16,False,256,False,1,1,512,False,1,8,1,4,4,1,4,4.812851842425857e-05,35,0.10988134470767794,1,0.1098654,8,1,32,True,256,1,8,2048,True,1,8,8,1
312,1,1,RS,1,1,True,32,128,True,1,1,32,False,0.16626758578425765,1,512,512,128,False,False,False,32,False,1,False,256,True,16,1,64,True,1,4,1,8,8,1,12,0.00026402910476548875,35,0.16644252850145663,16,0.16635505714285714,4,1,1,True,1024,2048,8,1,True,1,32,1,4
313,128,2048,RS,1,8,False,8,128,False,1,32,1,False,0.11030001602427113,256,512,512,512,True,False,True,128,True,16,False,1,False,12,1,1024,False,12,1,1,8,16,1,8,3.1084926460605745e-05,35,0.11032061254715743,12,0.11031031428571428,8,1,8,True,256,1024,1,2048,False,4,32,1,1
314,128,256,RS,8,1,False,1,32,True,256,512,8,False,0.12856317452893753,32,16,2048,256,False,False,True,16,False,64,True,512,True,8,1,512,False,16,1,1,8,1,1,12,2.8795407797149237e-05,35,0.128582254042491,16,0.12857271428571426,12,1,1,True,128,128,4,1,False,1,8,8,16
315,1,1,RS,1,1,True,32,1,False,32,256,32,True,0.11230532904241211,16,128,128,128,True,True,True,64,True,1,True,64,True,12,1,512,True,1,12,1,8,12,12,1,5.601263705811517e-05,35,0.11234244238615931,16,0.11232388571428571,1,1,32,True,128,1024,8,2048,True,1,8,8,1
316,64,2048,RS,8,1,True,8,256,False,256,512,1,True,0.11655269313264355,512,64,1024,2048,True,True,False,64,False,32,False,2048,False,4,12,512,True,1,1,16,1,16,1,12,0.00041911282782680393,35,0.11683039258164216,8,0.11669154285714285,1,1,32,True,1,1,8,512,True,8,1,8,1
317,512,512,RS,1,8,False,1,128,True,64,16,8,True,0.08227280684585388,32,16,1,1024,True,False,True,32,True,128,False,2048,True,4,8,2048,True,16,1,4,1,4,1,4,3.489002266598016e-05,35,0.08229592458271755,12,0.08228436571428571,4,1,8,True,64,256,1,128,True,8,32,1,1
318,1,2048,RS,8,8,False,8,32,True,256,256,1,False,0.08928507690235125,128,64,1,256,True,False,True,32,True,16,False,256,False,8,12,1024,False,12,1,1,16,16,1,16,4.9977857627766906e-05,35,0.08931819166907727,4,0.08930163428571426,12,1,8,True,128,256,1,1024,True,1,1,8,12
319,16,256,RS,32,1,False,32,32,True,16,16,1,True,0.14006544030472562,512,1,64,64,False,False,False,64,True,16,True,1024,False,16,4,2048,False,1,4,1,12,12,16,1,4.265428179095364e-05,35,0.14009370255241727,1,0.14007957142857144,8,8,8,True,128,512,8,64,True,4,1,32,1
320,256,512,RS,32,1,False,32,1,False,512,256,1,True,0.12329268509440804,1,32,256,1024,True,False,True,32,False,32,True,64,False,12,8,1,False,1,1,1,16,1,12,1,2.639186640321033e-05,35,0.12331017204844906,4,0.12330142857142855,12,8,1,True,128,64,12,1024,False,1,8,1,12
321,128,1024,RS,32,1,False,8,128,False,64,1,1,False,0.12078926334309144,1,16,256,1024,True,True,True,128,False,64,True,256,False,16,4,1024,False,12,1,1,12,16,16,1,4.0083728695350746e-05,35,0.12081582237119427,12,0.12080254285714286,1,1,1,True,2048,128,1,128,False,1,1,1,16
322,64,256,RS,1,1,False,1,16,False,512,128,8,True,0.12270598893695094,16,16,256,2048,True,True,False,512,True,16,False,1,False,1,4,256,False,4,1,8,1,4,1,4,6.618086535227182e-05,35,0.1227498396344776,16,0.12272791428571427,1,1,1,True,1024,2048,1,1,False,1,32,1,8
323,16,512,RS,8,1,False,8,1,True,1,32,1,False,0.1163049584937982,64,128,64,1,True,True,True,512,False,64,True,256,True,8,1,64,False,12,1,1,12,4,1,12,2.4962927614805267e-05,35,0.11632149864905893,12,0.11631322857142856,12,1,32,True,512,256,4,64,False,16,1,32,1
324,128,256,RS,1,8,False,8,256,True,32,256,1,True,0.1391385114869546,128,64,512,256,True,True,False,128,True,32,False,128,True,1,8,128,False,4,1,1,1,16,1,1,0.00015205276742510308,35,0.13923925994161684,12,0.13918888571428573,12,32,1,True,256,1,4,1,True,1,1,1,1
325,32,256,RS,8,1,False,1,32,True,512,256,1,True,0.15218356406299602,512,16,1,512,False,True,True,64,False,64,True,512,False,16,16,512,True,1,1,8,1,4,1,12,0.0012380234840013223,35,0.1530038645084326,12,0.1525937142857143,8,32,1,True,128,128,16,512,True,1,8,1,1
326,32,1024,RS,8,8,False,1,256,False,64,1,8,False,0.1344597685623129,128,256,64,256,False,False,False,32,True,64,False,64,True,16,12,512,False,1,16,1,12,4,16,1,4.0369821017434525e-05,35,0.13448651715197274,4,0.13447314285714282,4,1,8,True,256,256,8,1,False,1,1,1,16
327,512,2048,RS,1,1,False,1,1,False,256,1,8,False,0.12842570222148333,64,512,1,1,False,False,False,1,False,512,True,1,False,1,8,512,True,12,1,1,8,12,8,1,2.616768532182599e-05,35,0.12844304063565956,12,0.12843437142857145,1,8,1,True,2048,2048,4,128,False,8,1,1,1
328,16,256,RS,1,1,True,8,64,True,32,512,32,True,0.12769050958633674,512,128,128,1024,False,False,True,16,False,512,False,512,True,4,1,1,True,8,1,4,1,16,12,1,4.761966666264328e-05,35,0.1277220618422347,16,0.12770628571428572,16,1,8,True,2048,256,8,2048,True,1,32,1,12
329,256,128,RS,1,1,True,1,1,True,256,128,32,False,0.15251896996547143,128,64,512,2048,True,True,True,256,False,1,False,256,True,12,16,128,True,12,1,1,12,8,4,1,0.00018016356740586635,35,0.1526383443202428,4,0.15257865714285712,16,1,32,True,2048,2048,1,128,False,1,32,1,4
330,32,2048,RS,1,1,True,8,64,False,1,128,8,True,0.11306423822029303,32,256,64,256,False,True,False,1,False,1,False,128,False,16,12,256,False,4,1,1,8,16,4,1,2.213502165513871e-05,35,0.11307890463684982,12,0.11307157142857142,1,1,8,True,128,64,12,1024,False,4,8,8,1
331,1,1,RS,8,1,False,32,256,True,1,256,8,False,0.20721240769567853,32,1,128,2048,True,True,True,16,True,128,True,256,True,4,12,256,False,1,1,1,4,4,8,1,0.00015236605760537227,35,0.2073133637328929,16,0.20726288571428572,12,32,1,True,64,512,16,1024,False,1,1,32,8
332,128,2048,RS,8,8,True,8,16,False,64,1,1,False,0.15995820949568212,1,256,1,1,True,False,True,32,True,64,True,1,True,16,1,2048,False,16,1,8,1,1,1,8,4.628319217114424e-05,35,0.15998887621860364,16,0.15997354285714288,1,32,1,True,512,256,4,128,False,4,32,1,1
333,32,1,RS,8,1,True,1,16,False,16,256,8,False,0.1307575097625026,1,32,128,256,False,False,True,128,True,1,False,512,True,12,8,128,True,1,12,1,8,16,1,4,0.0001817251569075145,35,0.1308779188089259,12,0.13081771428571426,12,8,8,True,256,1,16,1024,True,12,1,32,1
334,512,64,RS,8,8,False,8,256,False,32,512,1,False,0.1240583334156373,16,1,1024,128,True,True,False,32,True,512,True,1024,True,1,12,1,True,8,1,1,16,12,1,1,4.237322990102285e-05,35,0.12408640944150559,16,0.12407237142857144,1,8,8,True,1024,512,16,1024,True,1,1,32,12
335,128,1,RS,1,8,False,1,1,False,256,256,32,False,0.1583778648051014,32,64,1024,256,False,False,False,32,True,1,False,128,True,16,1,512,True,1,16,8,1,12,1,8,0.0015609537194567027,35,0.15941213519489866,12,0.15889500000000004,1,8,8,True,2048,512,1,512,True,4,1,32,1
336,1,1024,RS,8,32,False,1,1,True,64,64,8,False,0.17277145760144236,256,512,1024,512,True,True,True,64,False,32,True,1,True,16,8,512,True,1,4,1,8,16,1,1,9.469212841452944e-05,35,0.17283419954141488,12,0.17280282857142862,1,8,8,True,512,2048,8,256,False,1,8,1,4
337,16,1024,RS,1,1,False,8,1,True,32,16,32,True,0.15255698333728318,512,128,512,128,False,False,True,32,False,256,True,1024,False,4,4,2048,True,16,1,16,1,12,1,1,8.111760170346791e-05,35,0.15261073094843108,1,0.15258385714285713,4,1,32,True,2048,2048,1,512,True,1,1,8,1
338,256,1,RS,1,8,False,8,256,True,64,16,1,False,0.12503463404267653,32,32,1,64,False,False,True,32,False,512,False,2048,True,16,12,256,False,1,4,1,1,4,1,16,4.595037251964188e-05,35,0.12506508024303778,4,0.12504985714285716,1,8,8,True,1,256,4,1,False,1,8,1,12
339,16,1024,RS,8,8,True,8,1,True,16,1,8,True,0.11671202869441097,32,128,1024,2048,False,False,False,128,True,16,False,1024,True,8,1,1,True,1,12,1,12,12,1,12,4.648396695284811e-05,35,0.11674282844844619,4,0.11672742857142858,1,8,8,True,512,2048,1,128,False,12,8,1,1
340,128,1,RS,32,32,False,1,256,True,256,512,1,False,0.18423848278365285,128,1,128,1024,False,True,False,32,True,1,False,2048,True,16,12,512,True,4,1,12,1,4,8,1,0.00016369581047585456,35,0.18434694578777572,4,0.18429271428571428,16,1,32,True,64,256,4,1,False,4,1,1,1
341,256,1024,RS,1,32,False,1,16,False,16,64,1,False,0.18123328995922944,64,1,256,512,False,False,False,1,False,128,False,512,True,8,4,64,True,8,1,1,1,4,16,1,8.415919802519943e-05,35,0.18128905289791336,16,0.1812611714285714,12,1,32,True,512,128,4,64,False,12,32,1,1
342,1,64,RS,1,1,True,8,32,False,128,32,8,True,0.10733973905604094,32,32,1024,2048,True,True,True,512,False,256,False,256,True,8,16,1,False,1,8,16,1,12,1,8,3.0109866848470984e-05,35,0.10735968951538766,1,0.1073497142857143,12,1,32,True,1,128,16,256,True,1,1,1,8
343,512,512,RS,8,1,True,8,64,True,1,128,1,True,0.11359240603561777,16,256,1,2048,True,True,True,256,True,1,True,512,True,16,8,64,False,1,12,12,1,4,1,8,4.1205369176596184e-05,35,0.11361970825009651,4,0.11360605714285714,8,8,8,True,512,2048,4,512,False,16,1,1,1
344,16,2048,RS,1,1,True,1,1,False,256,64,8,False,0.08296299956770561,256,16,128,256,True,True,False,64,True,16,False,128,True,4,12,1024,True,1,12,1,8,1,8,1,2.8478352107793196e-05,35,0.08298186900372295,8,0.08297243428571428,12,8,8,True,128,512,12,512,True,1,1,32,1
345,32,64,RS,32,1,False,8,64,True,256,1,1,False,0.12029388872054637,1,16,1024,512,False,True,True,32,False,128,True,2048,True,8,4,512,False,1,4,1,12,1,1,1,3.362523347919908e-05,35,0.12031616842231078,16,0.12030502857142858,16,8,1,True,1024,512,8,1024,False,4,8,1,1
346,1,128,RS,8,8,True,8,16,False,128,64,1,True,0.18304267507880576,64,64,1024,1024,False,True,False,128,True,256,False,2048,True,12,4,1,False,1,16,1,12,1,1,8,7.851215426510088e-05,35,0.18309469634976558,1,0.18306868571428567,1,32,1,True,512,2048,12,1024,True,1,1,32,12
347,256,256,RS,8,1,False,1,128,True,64,512,8,False,0.12211403043738184,64,64,2048,2048,False,False,True,1,False,16,True,128,False,8,16,1024,False,1,1,1,12,16,1,8,2.5866912124511005e-05,35,0.12213116956261816,8,0.1221226,8,1,8,True,1024,1024,12,2048,False,1,32,1,4
348,128,128,RS,8,8,False,1,16,True,256,16,1,False,0.12395582931936594,32,16,1024,1024,True,False,True,1,True,1,False,256,True,4,1,64,False,1,1,1,4,4,1,4,0.00015204206184943924,35,0.12405657068063405,16,0.1240062,8,1,32,True,128,64,1,256,True,1,1,32,4
349,256,1,RS,1,8,False,8,16,True,1,256,1,False,0.12296480324267484,1,64,512,1024,True,True,True,64,True,256,False,1,True,16,16,64,False,1,16,1,8,8,1,8,0.00021386991277839106,35,0.12310651104303946,16,0.12303565714285715,8,32,1,True,512,512,1,1,True,4,8,8,1
350,32,1024,RS,8,32,True,1,256,True,32,128,8,True,0.15574806935292537,16,32,1,512,True,False,True,64,True,1,False,1,False,1,1,64,False,1,1,1,8,8,12,1,0.00020107905643993894,35,0.15588130207564607,12,0.15581468571428572,4,1,8,True,2048,512,16,512,True,1,1,32,4
351,64,128,RS,8,1,True,1,128,False,16,256,8,False,0.08641303595478804,16,64,64,1,True,False,False,256,False,1,True,512,True,16,1,128,True,1,1,1,1,4,16,1,3.1317989092794334e-05,35,0.08643378690235486,8,0.08642341142857145,1,1,1,True,1024,512,4,1024,True,16,32,1,1
352,64,1,RS,32,1,True,1,1,False,512,256,1,True,0.09234429393143187,1,16,2048,512,True,True,False,1,True,16,False,64,False,1,16,1024,False,12,1,1,1,8,4,1,0.00019386404485028782,35,0.09247274606856812,8,0.09240852,16,1,8,True,1024,128,16,1,True,12,1,1,1
353,64,512,RS,1,1,True,8,64,True,512,32,32,False,0.1340988384767162,32,256,512,2048,True,True,True,512,False,512,False,1,False,1,1,128,False,1,1,1,8,1,12,1,7.663907459711338e-05,35,0.13414961866614092,4,0.13412422857142856,16,8,8,True,1024,2048,12,64,True,8,1,1,1
354,16,512,RS,8,1,True,8,32,False,128,1,8,True,0.13218251965057853,1,512,512,1024,False,True,False,128,True,512,True,512,False,12,16,2048,True,1,8,1,8,8,4,1,5.526480963211208e-05,35,0.13221913749227865,1,0.1322008285714286,4,32,1,True,128,2048,8,64,True,1,1,1,16
355,16,1,RS,8,32,False,1,32,True,16,512,1,True,0.11035535358126497,1,16,128,2048,False,False,True,512,True,16,True,1,True,8,8,256,False,1,12,1,8,1,1,12,2.2131776029141326e-05,35,0.11037001784730646,4,0.11036268571428572,12,1,32,True,2048,512,12,512,False,8,32,1,1
356,512,1,RS,8,1,False,32,32,True,256,64,8,True,0.13231348697502807,512,1,512,256,False,True,False,128,True,64,False,128,False,16,16,1024,False,1,12,1,8,1,12,1,3.0870764189318766e-05,35,0.13233394159640052,8,0.1323237142857143,8,1,8,True,1024,2048,4,1,True,1,8,1,12
357,16,1,RS,1,8,False,8,64,False,64,32,32,False,0.1456243127850937,128,128,256,1024,True,True,True,1,True,32,False,2048,True,4,12,128,True,4,1,1,1,8,1,8,4.942108944198542e-05,35,0.14565705864347772,4,0.1456406857142857,16,1,8,True,2048,1024,4,256,False,8,32,1,1
358,32,1024,RS,1,32,True,1,64,False,16,256,1,True,0.23452458201340884,1,256,256,2048,True,True,True,64,False,32,True,128,False,8,4,128,False,1,1,1,1,16,1,1,0.00018357687373802845,35,0.23464621798659122,4,0.23458540000000003,12,1,1,True,512,64,8,1,False,1,1,32,4
359,16,128,RS,8,1,True,1,1,False,128,16,1,False,0.098643298076966,128,128,2048,512,True,False,True,32,False,64,False,256,False,12,12,2048,True,1,4,1,4,1,1,1,2.9043423647065307e-05,35,0.09866254192303399,1,0.09865291999999999,4,32,1,True,512,512,1,256,True,1,8,8,16
360,512,2048,RS,32,1,True,32,16,False,1,1,1,True,0.13701350319730543,128,64,1024,512,False,True,True,1,True,64,False,128,True,16,12,1,True,1,1,1,1,8,1,4,3.6772483057361804e-05,35,0.13703786823126607,8,0.13702568571428575,4,1,1,True,512,64,12,512,True,8,1,1,1
361,1,1,RS,1,1,False,1,1,False,1,1,1,False,0.12355560281803771,1,1,1,1,False,False,False,1,False,1,False,1,False,1,1,1,False,1,1,1,1,1,1,1,0.00032745166460572747,35,0.1237725686105337,1,0.12366408571428571,1,1,1,True,1,1,1,1,False,1,1,1,1
